UNITS=MM
#Layer_Physical_Order=1
#Layer_Color=255
#
#Feature symbol names
#
$0 r199.9996
$1 rect299.9994x800.00094
$2 rect399.9992x800.00094
$3 r4500.00116
$4 r1799.99894
$5 r599.9988

#
#Feature attribute names
#
@0 .geometry
@1 .pad_usage
@2 .smd

#
#Feature attribute text strings
#
&0 SMD_RectX299.9994Y800.0009
&1 SMD_RectX399.9992Y800.0009
&2 Pad_Simple_X4500.0012Y4500.0012H2999.9991C4015.9991
&3 Pad_Simple_X1799.9989Y1799.9989H1399.9997C2415.9997
&4 VIA_RoundD599.9988H399.9992C1415.9992

#
#Layer features
#
A 12.25399886 13.7620375 12.25399886 13.0540379 12.25399886 13.4080377 0 P 0 N
A 12.25539078 15.1780367 12.25539078 14.4700371 12.25539078 14.8240369 0 P 0 N
A 12.59600224 15.1780367 12.95000204 15.5320365 12.59600224 15.5320365 0 P 0 N
A 12.95000204 12.7000381 12.59600224 13.0540379 12.59600224 12.7000381 0 P 0 N
A 13.84599974 13.7620375 13.84599974 14.4700371 13.84599974 14.1160373 0 P 0 N
A 14.05071612 9.88501198 14.05071612 9.17701238 14.05071612 9.53101218 0 P 0 N
A 14.24599894 9.88501198 14.59999874 10.23901178 14.24599894 10.23901178 0 P 0 N
A 15.05000038 8.99999978 14.62267332 9.17701238 14.62267332 8.57269812 0 P 0 N
A 15.35399774 14.0620115 15.35399774 13.3540119 15.35399774 13.7080117 0 P 0 N
A 15.35399774 15.4780107 15.35399774 14.7700111 15.35399774 15.1240109 0 P 0 N
A 16.09413596 13.0000121 15.74013616 13.3540119 15.74013616 13.0000121 0 P 0 N
A 16.09413596 16.5400101 16.44813576 16.1860103 16.44813576 16.5400101 0 P 0 N
A 16.53943352 14.0620115 16.53943352 14.7700111 16.53943352 14.4160113 0 P 0 N
A 16.92745916 15.4780107 16.92745916 16.1860103 16.92745916 15.8320105 0 P 0 N
A 17.38258144 13.67801176 17.38258144 12.97001216 17.38258144 13.32401196 0 P 0 N
A 17.52114352 13.67801176 17.87514332 14.03201156 17.52114352 14.03201156 0 P 0 N
A 18.22914312 12.26201256 17.87514332 11.90801276 18.22914312 11.90801276 0 P 0 N
A 18.56095856 12.26201256 18.56095856 12.97001216 18.56095856 12.61601236 0 P 0 N
A 19.15156952 14.3620109 19.15156952 13.6540113 19.15156952 14.0080111 0 P 0 N
A 19.15156952 15.7780101 19.15156952 15.0700105 19.15156952 15.4240103 0 P 0 N
A 19.95000074 13.3000115 19.59600094 13.6540113 19.59600094 13.3000115 0 P 0 N
A 19.95000074 16.8400095 20.30400054 16.4860097 20.30400054 16.8400095 0 P 0 N
A 20.2461495 9.58501258 20.2461495 8.87701298 20.2461495 9.23101278 0 P 0 N
A 21.02158864 15.7780101 21.02158864 16.4860097 21.02158864 16.1320099 0 P 0 N
A 21.04600058 14.3620109 21.04600058 15.0700105 21.04600058 14.7160107 0 P 0 N
A 21.44597438 11.00101178 21.44597438 10.29301218 21.44597438 10.64701198 0 P 0 N
A 21.44599978 11.00101178 21.79999958 11.35501158 21.44599978 11.35501158 0 P 0 N
A 21.80002498 9.58501258 21.80002498 10.29301218 21.80002498 9.93901238 0 P 0 N
A 22.35000102 8.70000038 21.92267396 8.87701298 21.92267396 8.27269872 0 P 0 N
A 22.55399858 16.23411536 22.55399858 15.52611576 22.55399858 15.88011556 0 P 0 N
A 22.55399858 17.65011456 22.55399858 16.94211496 22.55399858 17.29611476 0 P 0 N
A 22.86096012 19.06611376 22.86096012 18.35811416 22.86096012 18.71211396 0 P 0 N
A 23.09600156 19.06611376 23.45000136 19.42011356 23.09600156 19.42011356 0 P 0 N
A 23.45000136 15.17211596 23.09600156 15.52611576 23.09600156 15.17211596 0 P 0 N
A 24.4460014 16.23411536 24.4460014 16.94211496 24.4460014 16.58811516 0 P 0 N
A 24.4460014 17.65011456 24.4460014 18.35811416 24.4460014 18.00411436 0 P 0 N
A 24.563324 10.08501158 24.563324 9.37701198 24.563324 9.73101178 0 P 0 N
A 24.68903622 14.33300918 24.68903622 13.62500958 24.68903622 13.97900938 0 P 0 N
A 24.8460006 14.33300918 25.2000004 14.68700898 24.8460006 14.68700898 0 P 0 N
A 24.89204572 12.91700998 24.89204572 12.20901038 24.89204572 12.56301018 0 P 0 N
A 25.0040013 11.50101078 25.0040013 10.79301118 25.0040013 11.14701098 0 P 0 N
A 25.2425708 12.91700998 25.2425708 13.62500958 25.2425708 13.27100978 0 P 0 N
A 25.35000264 9.19999938 24.92267558 9.37701198 24.92267558 8.77269772 0 P 0 N
A 25.39600204 11.50101078 25.39600204 12.20901038 25.39600204 11.85501058 0 P 0 N
A 25.70593538 10.08501158 25.70593538 10.79301118 25.70593538 10.43901138 0 P 0 N
A 26.16220828 14.47969418 26.16220828 13.77169458 26.16220828 14.12569438 0 P 0 N
A 26.16220828 15.89569338 26.16220828 15.18769378 26.16220828 15.54169358 0 P 0 N
A 26.16220828 17.31169258 26.16220828 16.60369298 26.16220828 16.95769278 0 P 0 N
A 26.59597678 18.72769178 26.59597678 18.01969218 26.59597678 18.37369198 0 P 0 N
A 26.59600218 18.72769178 26.95000198 19.08169158 26.59600218 19.08169158 0 P 0 N
A 26.61567194 9.56201288 26.61567194 8.85401328 26.61567194 9.20801308 0 P 0 N
A 26.95000198 13.41769478 26.59600218 13.77169458 26.59600218 13.41769478 0 P 0 N
A 27.48189068 17.31169258 27.48189068 18.01969218 27.48189068 17.66569238 0 P 0 N
A 27.86159274 14.47969418 27.86159274 15.18769378 27.86159274 14.83369398 0 P 0 N
A 27.86159274 15.89569338 27.86159274 16.60369298 27.86159274 16.24969318 0 P 0 N
A 29.12630446 10.37369782 29.37662146 10.27001248 29.37662146 10.62401228 0 P 0 N
A 29.69551846 14.0147421 29.69551846 13.3067425 29.69551846 13.6607423 0 P 0 N
A 29.69551846 15.4307413 29.69551846 14.7227417 29.69551846 15.0767415 0 P 0 N
A 29.69551846 16.8467405 29.69551846 16.1387409 29.69551846 16.4927407 0 P 0 N
A 29.69551846 18.2627397 29.69551846 17.5547401 29.69551846 17.9087399 0 P 0 N
A 30.09597486 21.0947381 30.09597486 20.3867385 30.09597486 20.7407383 0 P 0 N
A 30.09600026 21.0947381 30.45000006 21.4487379 30.09600026 21.4487379 0 P 0 N
A 30.13425774 9.56201288 30.13425774 10.27001248 30.13425774 9.91601268 0 P 0 N
A 30.17830642 19.6787389 30.17830642 18.9707393 30.17830642 19.3247391 0 P 0 N
A 30.45000006 8.50001348 30.09600026 8.85401328 30.09600026 8.50001348 0 P 0 N
A 30.45000006 12.9527427 30.09600026 13.3067425 30.09600026 12.9527427 0 P 0 N
A 30.45002546 19.6787389 30.45002546 20.3867385 30.45002546 20.0327387 0 P 0 N
A 30.73458166 14.0147421 30.73458166 14.7227417 30.73458166 14.3687419 0 P 0 N
A 30.73458166 15.4307413 30.73458166 16.1387409 30.73458166 15.7847411 0 P 0 N
A 30.73458166 16.8467405 30.73458166 17.5547401 30.73458166 17.2007403 0 P 0 N
A 30.73458166 18.2627397 30.73458166 18.9707393 30.73458166 18.6167395 0 P 0 N
A 31.78941826 16.92199054 31.78941826 16.21399094 31.78941826 16.56799074 0 P 0 N
A 31.79131564 18.33798974 31.79131564 17.62999014 31.79131564 17.98398994 0 P 0 N
A 31.80086604 15.50599134 31.80086604 14.79799174 31.80086604 15.15199154 0 P 0 N
A 31.8459739 14.08999214 31.8459739 13.38199254 31.8459739 13.73599234 0 P 0 N
A 32.1999991 13.02799274 31.8459993 13.38199254 31.8459993 13.02799274 0 P 0 N
A 32.1999991 19.39998914 32.5539989 19.04598934 32.5539989 19.39998914 0 P 0 N
A 32.42795902 14.08999214 32.42795902 14.79799174 32.42795902 14.44399194 0 P 0 N
A 32.61722204 15.50599134 32.61722204 16.21399094 32.61722204 15.85999114 0 P 0 N
A 32.61722204 16.92199054 32.61722204 17.62999014 32.61722204 17.27599034 0 P 0 N
A 32.61722204 18.33798974 32.61722204 19.04598934 32.61722204 18.69198954 0 P 0 N
A 32.95400318 13.56627462 32.95400318 12.85827502 32.95400318 13.21227482 0 P 0 N
A 33.41216838 20.64627062 33.41216838 19.93827102 33.41216838 20.29227082 0 P 0 N
A 33.44600118 20.64627062 33.80000098 21.00027042 33.44600118 21.00027042 0 P 0 N
A 33.5359629 14.98227382 33.5359629 14.27427422 33.5359629 14.62827402 0 P 0 N
A 33.72522592 16.39827302 33.72522592 15.69027342 33.72522592 16.04427322 0 P 0 N
A 33.72522592 17.81427222 33.72522592 17.10627262 33.72522592 17.46027242 0 P 0 N
A 33.72522592 19.23027142 33.72522592 18.52227182 33.72522592 18.87627162 0 P 0 N
A 33.80000098 12.50427522 33.44600118 12.85827502 33.44600118 12.50427522 0 P 0 N
A 34.36306818 13.56627462 34.36306818 14.27427422 34.36306818 13.92027442 0 P 0 N
A 34.36306818 14.98227382 34.36306818 15.69027342 34.36306818 15.33627362 0 P 0 N
A 34.36306818 16.39827302 34.36306818 17.10627262 34.36306818 16.75227282 0 P 0 N
A 34.36306818 17.81427222 34.36306818 18.52227182 34.36306818 18.16827202 0 P 0 N
A 34.36306818 19.23027142 34.36306818 19.93827102 34.36306818 19.58427122 0 P 0 N
A 35.33817418 13.47801216 35.33817418 12.77001256 35.33817418 13.12401236 0 P 0 N
A 35.45292884 14.89401136 35.45292884 14.18601176 35.45292884 14.54001156 0 P 0 N
A 35.62858 16.31001056 35.62858 15.60201096 35.62858 15.95601076 0 P 0 N
A 35.69997432 17.72600976 35.69997432 17.01801016 35.69997432 17.37200996 0 P 0 N
A 35.69999972 12.41601276 35.34599992 12.77001256 35.34599992 12.41601276 0 P 0 N
A 35.69999972 18.78800916 36.05399952 18.43400936 36.05399952 18.78800916 0 P 0 N
A 35.70002512 16.31001056 35.70002512 17.01801016 35.70002512 16.66401036 0 P 0 N
A 36.05402492 17.72600976 36.05402492 18.43400936 36.05402492 18.08000956 0 P 0 N
A 36.1672251 14.89401136 36.1672251 15.60201096 36.1672251 15.24801116 0 P 0 N
A 36.69599976 13.47801216 36.69599976 14.18601176 36.69599976 13.83201196 0 P 0 N
A 36.808029 17.02755294 36.808029 16.31955334 36.808029 16.67355314 0 P 0 N
A 37.27522898 15.61155374 37.27522898 14.90355414 37.27522898 15.25755394 0 P 0 N
A 37.44975238 18.44355214 37.44975238 17.73555254 37.44975238 18.08955234 0 P 0 N
A 37.4500013 19.50555154 37.8040011 19.15155174 37.8040011 19.50555154 0 P 0 N
A 37.8040011 14.19555454 37.4500013 13.84155474 37.8040011 13.84155474 0 P 0 N
A 37.8040265 18.44355214 37.8040265 19.15155174 37.8040265 18.79755194 0 P 0 N
A 38.54271692 14.19555454 38.54271692 14.90355414 38.54271692 14.54955434 0 P 0 N
A 38.54271692 15.61155374 38.54271692 16.31955334 38.54271692 15.96555354 0 P 0 N
A 38.54271692 17.02755294 38.54271692 17.73555254 38.54271692 17.38155274 0 P 0 N
A 38.83825862 9.94778046 38.83825862 9.23978086 38.83825862 9.59378066 0 P 0 N
A 39.00400124 11.36377966 39.00400124 10.65578006 39.00400124 11.00977986 0 P 0 N
A 39.16329734 12.77977886 39.16329734 12.07177926 39.16329734 12.42577906 0 P 0 N
A 39.30000014 13.84177826 39.65399994 13.48777846 39.65399994 13.84177826 0 P 0 N
A 39.39600198 11.36377966 39.39600198 12.07177926 39.39600198 11.71777946 0 P 0 N
A 39.4872337 9.06276826 39.05990664 9.23978086 39.05990664 8.6354666 0 P 0 N
A 39.65402534 12.77977886 39.65402534 13.48777846 39.65402534 13.13377866 0 P 0 N
A 39.84316644 9.94778046 39.84316644 10.65578006 39.84316644 10.30178026 0 P 0 N
A 40.05399914 15.5780105 40.05399914 14.8700109 40.05399914 15.2240107 0 P 0 N
A 40.26668604 16.9940097 40.26668604 16.2860101 40.26668604 16.6400099 0 P 0 N
A 40.65846326 22.46034878 41.15909218 22.46034878 40.90877772 22.71066578 0 P 0 N
A 40.93315918 21.2331554 40.93315918 20.73252902 41.18347618 20.98284094 0 P 0 N
A 40.93316172 20.73252648 41.43379064 20.73252648 41.18347618 20.98284094 0 P 0 N
A 40.95000192 18.0560091 41.30400172 17.7020093 41.30400172 18.0560091 0 P 0 N
A 41.30400172 14.1620113 40.95000192 13.8080115 41.30400172 13.8080115 0 P 0 N
A 41.30402712 16.9940097 41.30402712 17.7020093 41.30402712 17.3480095 0 P 0 N
A 42.01684256 22.31684132 42.01684256 22.81747024 41.7665281 22.56715578 0 P 0 N
A 42.01684256 22.81747024 41.51621364 22.8174677 41.76653064 22.56715324 0 P 0 N
A 42.0732966 15.5780105 42.0732966 16.2860101 42.0732966 15.9320103 0 P 0 N
A 42.07330168 14.1620113 42.07330168 14.8700109 42.07330168 14.5160111 0 P 0 N
A 42.10403568 20.40150606 42.10403568 19.90087968 42.35435268 20.1511916 0 P 0 N
A 42.10403822 19.90087714 42.60466714 19.90087714 42.35435268 20.1511916 0 P 0 N
A 42.8272956 17.55578404 43.1812954 17.20178424 43.1812954 17.55578404 0 P 0 N
A 43.01810294 21.81620986 42.51747402 21.81620732 42.76779102 21.56589286 0 P 0 N
A 43.01810548 21.3155784 43.01810548 21.81620732 42.76779102 21.56589286 0 P 0 N
A 43.1812954 13.66178624 42.8272956 13.30778644 43.1812954 13.30778644 0 P 0 N
A 43.18130048 16.49378464 43.18130048 15.78578504 43.18130048 16.13978484 0 P 0 N
A 43.18130556 15.07778544 43.18130556 14.36978584 43.18130556 14.72378564 0 P 0 N
A 43.43684734 13.66178624 43.43684734 14.36978584 43.43684734 14.01578604 0 P 0 N
A 43.61322748 15.07778544 43.61322748 15.78578504 43.61322748 15.43178524 0 P 0 N
A 43.61322748 16.49378464 43.61322748 17.20178424 43.61322748 16.84778444 0 P 0 N
A 43.66224694 19.95719402 43.66224694 19.4565651 43.91256394 19.70687956 0 P 0 N
A 43.66226218 20.45784326 43.16163326 20.45784072 43.41195026 20.20752626 0 P 0 N
A 43.66226472 19.9572118 43.66226472 20.45784072 43.41195026 20.20752626 0 P 0 N
A 45.76789932 16.69200116 45.76789932 15.98400156 45.76789932 16.33800136 0 P 0 N
A 46.12192452 15.63000176 45.76792472 15.98400156 45.76792472 15.63000176 0 P 0 N
A 46.12192452 17.75400056 46.47592432 17.40000076 46.47592432 17.75400056 0 P 0 N
A 46.50042262 16.69200116 46.50042262 17.40000076 46.50042262 17.04600096 0 P 0 N
A 46.8759286 15.93798692 46.8759286 15.22998732 46.8759286 15.58398712 0 P 0 N
A 47.47486568 22.62513382 47.9754946 22.62513128 47.72518014 22.87544828 0 P 0 N
A 47.59597542 14.52198772 47.59597542 13.81398812 47.59597542 14.16798792 0 P 0 N
A 47.95000062 13.45998832 47.59600082 13.81398812 47.59600082 13.45998832 0 P 0 N
A 47.95000062 16.99998632 48.30400042 16.64598652 48.30400042 16.99998632 0 P 0 N
A 48.3039928 21.95236656 48.3039928 21.45174018 48.5543098 21.7020521 0 P 0 N
A 48.30399534 21.45173764 48.80462426 21.45173764 48.5543098 21.7020521 0 P 0 N
A 48.34485378 14.52198772 48.34485378 15.22998732 48.34485378 14.87598752 0 P 0 N
A 48.39600176 15.93798692 48.39600176 16.64598652 48.39600176 16.29198672 0 P 0 N
A 48.4761413 22.6251516 47.97551238 22.62514906 48.22582938 22.3748346 0 P 0 N
A 48.47614384 22.12452014 48.47614384 22.62514906 48.22582938 22.3748346 0 P 0 N
A 49.30525572 20.95110364 49.30525572 20.45047726 49.55557272 20.70078918 0 P 0 N
A 49.30525826 20.45047472 49.80588718 20.45047472 49.55557272 20.70078918 0 P 0 N
A 49.34683298 21.49331744 48.84620406 21.4933149 49.09652106 21.24300044 0 P 0 N
A 49.34683552 20.99268598 49.34683552 21.4933149 49.09652106 21.24300044 0 P 0 N
A 50.4786519 20.12197652 50.4786519 19.6213476 50.7289689 19.87166206 0 P 0 N
A 50.65147604 20.79543466 50.15084712 20.79543212 50.40116412 20.54511766 0 P 0 N
A 50.65147858 20.2948032 50.65147858 20.79543212 50.40116412 20.54511766 0 P 0 N
L 11.49999986 9.05000222 11.49999986 17.19999862 0 P 0
L 11.49999986 9.05000222 12.95000204 7.60000004 0 P 0
L 11.49999986 17.19999862 19.20000224 24.900001 0 P 0
L 12.25399886 13.0540379 12.59600224 13.0540379 0 P 0
L 12.25399886 13.7620375 13.84599974 13.7620375 0 P 0
L 12.25539078 14.4700371 13.84599974 14.4700371 0 P 0
L 12.25539078 15.1780367 12.59600224 15.1780367 0 P 0
L 12.95000204 11.59999966 12.95000204 12.6000256 0 P 0
L 12.95000204 12.6000256 12.95000204 12.7000381 0 P 0
L 12.95000204 15.5320365 12.95000204 17.13489842 0 P 0
L 12.95000204 17.13489842 12.95000204 17.15000126 0 P 0
L 12.95000204 17.15000126 20.00000064 24.19999986 0 P 0
L 14.05071612 9.17701238 14.62267332 9.17701238 0 P 0
L 14.05071612 9.88501198 14.24599894 9.88501198 0 P 0
L 14.59999874 10.23901178 14.59999874 16.99999902 0 P 0
L 14.59999874 16.99999902 14.59999874 17.59999782 0 P 0
L 14.59999874 17.59999782 20.60000198 23.60000106 0 P 0
L 15.05000038 8.99999978 15.15000018 8.89999998 0 P 0
L 15.15000018 8.89999998 16.45000012 7.60000004 0 P 0
L 15.35399774 13.3540119 15.74013616 13.3540119 0 P 0
L 15.35399774 14.0620115 16.53943352 14.0620115 0 P 0
L 15.35399774 14.7700111 16.53943352 14.7700111 0 P 0
L 15.35399774 15.4780107 16.92745916 15.4780107 0 P 0
L 16.09413596 12.5171581 16.09413596 12.8999996 0 P 0
L 16.09413596 12.5171581 16.14385392 12.46744014 0 P 0
L 16.09413596 12.8999996 16.09413596 13.0000121 0 P 0
L 16.09413596 16.5400101 16.09413596 17.50000056 0 P 0
L 16.09413596 17.50000056 16.09413596 17.8941349 0 P 0
L 16.09413596 17.8941349 21.10000098 22.89999992 0 P 0
L 16.14385392 11.90614586 16.14385392 12.46744014 0 P 0
L 16.14385392 11.90614586 16.45000012 11.59999966 0 P 0
L 16.44813576 16.1860103 16.92745916 16.1860103 0 P 0
L 17.38258144 12.97001216 18.56095856 12.97001216 0 P 0
L 17.38258144 13.67801176 17.52114352 13.67801176 0 P 0
L 17.87514332 9.67486254 17.87514332 11.10000066 0 P 0
L 17.87514332 9.67486254 17.93371826 9.61627998 0 P 0
L 17.87514332 11.10000066 17.87514332 11.90801276 0 P 0
L 17.87514332 14.03201156 17.87514332 18.19999916 0 P 0
L 17.87514332 18.19999916 17.87514332 18.47514466 0 P 0
L 17.87514332 18.47514466 21.69999978 22.30000112 0 P 0
L 17.93371826 9.61627998 19.95000074 7.60000004 0 P 0
L 18.22914312 12.26201256 18.56095856 12.26201256 0 P 0
L 19.15156952 13.6540113 19.59600094 13.6540113 0 P 0
L 19.15156952 14.3620109 21.04600058 14.3620109 0 P 0
L 19.15156952 15.0700105 21.04600058 15.0700105 0 P 0
L 19.15156952 15.7780101 21.02158864 15.7780101 0 P 0
L 19.20000224 24.900001 25.23257844 24.900001 0 P 0
L 19.95000074 11.59999966 19.95000074 13.199999 0 P 0
L 19.95000074 13.199999 19.95000074 13.3000115 0 P 0
L 19.95000074 16.8400095 19.95000074 18.29999896 0 P 0
L 19.95000074 18.29999896 19.95000074 18.9500002 0 P 0
L 19.95000074 18.9500002 22.60000052 21.59999998 0 P 0
L 20.00000064 24.19999986 25.19999786 24.19999986 0 P 0
L 20.2461495 8.87701298 21.92267396 8.87701298 0 P 0
L 20.2461495 9.58501258 21.80002498 9.58501258 0 P 0
L 20.30400054 16.4860097 21.02158864 16.4860097 0 P 0
L 20.60000198 23.60000106 25.30000274 23.60000106 0 P 0
L 21.10000098 22.89999992 25.4 22.89999992 0 P 0
L 21.44597438 10.29301218 21.80002498 10.29301218 0 P 0
L 21.44597438 11.00101178 21.44599978 11.00101178 0 P 0
L 21.69999978 22.30000112 25.4999998 22.30000112 0 P 0
L 21.79999958 11.35501158 21.79999958 17.50000056 0 P 0
L 21.79999958 17.50000056 21.79999958 19.4999991 0 P 0
L 21.79999958 19.4999991 23.50000126 21.20000078 0 P 0
L 22.35000102 8.70000038 22.45000082 8.60000058 0 P 0
L 22.45000082 8.60000058 23.45000136 7.60000004 0 P 0
L 22.55399858 15.52611576 23.09600156 15.52611576 0 P 0
L 22.55399858 16.23411536 24.4460014 16.23411536 0 P 0
L 22.55399858 16.94211496 24.4460014 16.94211496 0 P 0
L 22.55399858 17.65011456 24.4460014 17.65011456 0 P 0
L 22.60000052 21.59999998 25.5999996 21.59999998 0 P 0
L 22.86096012 18.35811416 24.4460014 18.35811416 0 P 0
L 22.86096012 19.06611376 23.09600156 19.06611376 0 P 0
L 23.45000136 11.59999966 23.45000136 15.07210346 0 P 0
L 23.45000136 15.07210346 23.45000136 15.17211596 0 P 0
L 23.45000136 19.42011356 23.45000136 19.75000114 0 P 0
L 23.45000136 19.75000114 23.61379834 19.91379812 0 P 0
L 23.50000126 21.20000078 25.90000154 21.20000078 0 P 0
L 23.61379834 19.91379812 24.42095954 20.72095932 0 P 0
L 24.42095954 20.72095932 26.42096062 20.72095932 0 P 0
L 24.563324 9.37701198 24.92267558 9.37701198 0 P 0
L 24.563324 10.08501158 25.70593538 10.08501158 0 P 0
L 24.68903622 13.62500958 25.2425708 13.62500958 0 P 0
L 24.68903622 14.33300918 24.8460006 14.33300918 0 P 0
L 24.89204572 12.20901038 25.39600204 12.20901038 0 P 0
L 24.89204572 12.91700998 25.2425708 12.91700998 0 P 0
L 25.0040013 10.79301118 25.70593538 10.79301118 0 P 0
L 25.0040013 11.50101078 25.39600204 11.50101078 0 P 0
L 25.19999786 24.19999986 26.04998854 25.04999054 0 P 0
L 25.2000004 14.68700898 25.2000004 18.09999936 0 P 0
L 25.2000004 18.09999936 25.2000004 18.9000003 0 P 0
L 25.2000004 18.9000003 29.54998662 23.24998652 0 P 0
L 25.23257844 24.900001 25.549987 25.21740956 0 P 0
L 25.30000274 23.60000106 26.54998754 24.84998586 0 P 0
L 25.35000264 9.19999938 25.45000244 9.09999958 0 P 0
L 25.4 22.89999992 27.04998908 24.549989 0 P 0
L 25.45000244 9.09999958 26.95000198 7.60000004 0 P 0
L 25.4999998 22.30000112 27.54998808 24.3499894 0 P 0
L 25.549987 25.21740956 25.549987 26.0999986 0 P 0
L 25.5999996 21.59999998 28.04998962 24.04999 0 P 0
L 25.90000154 21.20000078 28.54998862 23.84998786 0 P 0
L 26.04998854 25.04999054 26.04998854 26.0999986 0 P 0
L 26.16220828 13.77169458 26.59600218 13.77169458 0 P 0
L 26.16220828 14.47969418 27.86159274 14.47969418 0 P 0
L 26.16220828 15.18769378 27.86159274 15.18769378 0 P 0
L 26.16220828 15.89569338 27.86159274 15.89569338 0 P 0
L 26.16220828 16.60369298 27.86159274 16.60369298 0 P 0
L 26.16220828 17.31169258 27.48189068 17.31169258 0 P 0
L 26.42096062 20.72095932 29.04998762 23.34998632 0 P 0
L 26.54998754 24.84998586 26.54998754 26.0999986 0 P 0
L 26.59597678 18.01969218 27.48189068 18.01969218 0 P 0
L 26.59597678 18.72769178 26.59600218 18.72769178 0 P 0
L 26.61567194 8.85401328 30.09600026 8.85401328 0 P 0
L 26.61567194 9.56201288 30.13425774 9.56201288 0 P 0
L 26.95000198 11.59999966 26.95000198 13.31768228 0 P 0
L 26.95000198 13.31768228 26.95000198 13.41769478 0 P 0
L 26.95000198 19.08169158 26.95000198 19.95000328 0 P 0
L 26.95000198 19.95000328 28.03726676 21.03726806 0 P 0
L 27.04998908 24.549989 27.04998908 26.0999986 0 P 0
L 27.54998808 24.3499894 27.54998808 26.0999986 0 P 0
L 28.03726676 21.03726806 30.04998816 23.04998946 0 P 0
L 28.04998962 24.04999 28.04998962 26.0999986 0 P 0
L 28.54998862 23.84998786 28.54998862 26.0999986 0 P 0
L 28.61559174 10.88441054 28.61559174 14.39999914 0 P 0
L 28.61559174 10.88441054 29.12630446 10.37369782 0 P 0
L 28.61559174 14.39999914 28.61559174 20.7155923 0 P 0
L 28.61559174 20.7155923 30.54998716 22.64998772 0 P 0
L 29.04998762 23.34998632 29.04998762 26.0999986 0 P 0
L 29.37662146 10.27001248 30.13425774 10.27001248 0 P 0
L 29.54998662 23.24998652 29.54998662 26.0999986 0 P 0
L 29.69551846 13.3067425 30.09600026 13.3067425 0 P 0
L 29.69551846 14.0147421 30.73458166 14.0147421 0 P 0
L 29.69551846 14.7227417 30.73458166 14.7227417 0 P 0
L 29.69551846 15.4307413 30.73458166 15.4307413 0 P 0
L 29.69551846 16.1387409 30.73458166 16.1387409 0 P 0
L 29.69551846 16.8467405 30.73458166 16.8467405 0 P 0
L 29.69551846 17.5547401 30.73458166 17.5547401 0 P 0
L 29.69551846 18.2627397 30.73458166 18.2627397 0 P 0
L 30.04998816 23.04998946 30.04998816 26.0999986 0 P 0
L 30.09597486 20.3867385 30.45002546 20.3867385 0 P 0
L 30.09597486 21.0947381 30.09600026 21.0947381 0 P 0
L 30.17830642 18.9707393 30.73458166 18.9707393 0 P 0
L 30.17830642 19.6787389 30.45002546 19.6787389 0 P 0
L 30.45000006 7.60000004 30.45000006 8.40000098 0 P 0
L 30.45000006 8.40000098 30.45000006 8.50001348 0 P 0
L 30.45000006 11.59999966 30.45000006 12.8527302 0 P 0
L 30.45000006 12.8527302 30.45000006 12.9527427 0 P 0
L 30.45000006 21.4487379 30.45000006 21.74999968 0 P 0
L 30.45000006 21.74999968 30.6118514 21.91185102 0 P 0
L 30.54998716 22.64998772 30.54998716 26.0999986 0 P 0
L 30.6118514 21.91185102 31.0499887 22.34998832 0 P 0
L 31.0499887 22.34998832 31.0499887 26.0999986 0 P 0
L 31.5499877 26.0999986 31.5999876 26.0499987 0 P 0
L 31.5999876 25.6828417 31.5999876 26.0499987 0 P 0
L 31.5999876 25.6828417 31.59999014 25.68283916 0 P 0
L 31.59999014 20.6000096 31.59999014 25.68283916 0 P 0
L 31.59999014 20.6000096 32.1999991 20.00000064 0 P 0
L 31.78941826 16.21399094 32.61722204 16.21399094 0 P 0
L 31.78941826 16.92199054 32.61722204 16.92199054 0 P 0
L 31.79131564 17.62999014 32.61722204 17.62999014 0 P 0
L 31.79131564 18.33798974 32.61722204 18.33798974 0 P 0
L 31.80086604 14.79799174 32.42795902 14.79799174 0 P 0
L 31.80086604 15.50599134 32.61722204 15.50599134 0 P 0
L 31.8459739 13.38199254 31.8459993 13.38199254 0 P 0
L 31.8459739 14.08999214 32.42795902 14.08999214 0 P 0
L 32.04998924 23.55000878 32.04998924 26.0999986 0 P 0
L 32.04998924 23.55000878 33.1157707 22.48422732 0 P 0
L 32.1999991 9.59999858 32.1999991 11.79999926 0 P 0
L 32.1999991 9.59999858 33.95000068 7.849997 0 P 0
L 32.1999991 11.79999926 32.1999991 13.02799274 0 P 0
L 32.1999991 19.39998914 32.1999991 19.50000164 0 P 0
L 32.1999991 19.50000164 32.1999991 20.00000064 0 P 0
L 32.54998824 23.73314532 32.54998824 26.0999986 0 P 0
L 32.54998824 23.73314532 35.69999972 20.58313384 0 P 0
L 32.5539989 19.04598934 32.61722204 19.04598934 0 P 0
L 32.95400318 12.85827502 33.44600118 12.85827502 0 P 0
L 32.95400318 13.56627462 34.36306818 13.56627462 0 P 0
L 33.04998978 23.94114592 33.04998978 26.0999986 0 P 0
L 33.04998978 23.94114592 35.33140508 21.65973062 0 P 0
L 33.1157707 22.48422732 33.80000098 21.79999704 0 P 0
L 33.41216838 19.93827102 34.36306818 19.93827102 0 P 0
L 33.41216838 20.64627062 33.44600118 20.64627062 0 P 0
L 33.5359629 14.27427422 34.36306818 14.27427422 0 P 0
L 33.5359629 14.98227382 34.36306818 14.98227382 0 P 0
L 33.54998878 24.18061458 33.54998878 26.0999986 0 P 0
L 33.54998878 24.18061458 35.52185174 22.20875162 0 P 0
L 33.72522592 15.69027342 34.36306818 15.69027342 0 P 0
L 33.72522592 16.39827302 34.36306818 16.39827302 0 P 0
L 33.72522592 17.10627262 34.36306818 17.10627262 0 P 0
L 33.72522592 17.81427222 34.36306818 17.81427222 0 P 0
L 33.72522592 18.52227182 34.36306818 18.52227182 0 P 0
L 33.72522592 19.23027142 34.36306818 19.23027142 0 P 0
L 33.80000098 11.74999936 33.80000098 12.40426272 0 P 0
L 33.80000098 11.74999936 33.95000068 11.59999966 0 P 0
L 33.80000098 12.40426272 33.80000098 12.50427522 0 P 0
L 33.80000098 21.00027042 33.80000098 21.79999704 0 P 0
L 33.95000068 7.60000004 33.95000068 7.849997 0 P 0
L 34.04999032 24.30994884 34.04999032 26.0999986 0 P 0
L 34.04999032 24.30994884 35.63326122 22.72667794 0 P 0
L 34.54998932 26.0999986 34.58245052 26.0675374 0 P 0
L 34.58245052 24.46582864 34.58245052 26.0675374 0 P 0
L 34.58245052 24.46582864 35.74827496 23.3000042 0 P 0
L 35.04998832 26.0999986 35.09998822 26.0499987 0 P 0
L 35.09998822 24.6000143 35.09998822 26.0499987 0 P 0
L 35.09998822 24.6000143 35.99999912 23.7000034 0 P 0
L 35.33140508 21.65973062 36.54026982 21.65973062 0 P 0
L 35.33817418 12.77001256 35.34599992 12.77001256 0 P 0
L 35.33817418 13.47801216 36.69599976 13.47801216 0 P 0
L 35.45292884 14.18601176 36.69599976 14.18601176 0 P 0
L 35.45292884 14.89401136 36.1672251 14.89401136 0 P 0
L 35.52185174 22.20875162 36.99124936 22.20875162 0 P 0
L 35.54998986 26.0999986 35.59998976 26.0499987 0 P 0
L 35.59998976 24.90756258 35.59998976 26.0499987 0 P 0
L 35.59998976 24.90756258 36.40754974 24.1000026 0 P 0
L 35.62858 15.60201096 36.1672251 15.60201096 0 P 0
L 35.62858 16.31001056 35.70002512 16.31001056 0 P 0
L 35.63326122 22.72667794 37.37332378 22.72667794 0 P 0
L 35.69997432 17.01801016 35.70002512 17.01801016 0 P 0
L 35.69997432 17.72600976 36.05402492 17.72600976 0 P 0
L 35.69999972 10.44999942 35.69999972 10.90000106 0 P 0
L 35.69999972 10.44999942 36.14325766 10.00674148 0 P 0
L 35.69999972 10.90000106 35.69999972 12.41601276 0 P 0
L 35.69999972 18.78800916 35.69999972 20.58313384 0 P 0
L 35.74827496 23.3000042 37.79999806 23.3000042 0 P 0
L 35.99999912 23.7000034 39.41881118 23.7000034 0 P 0
L 36.04998886 26.0999986 36.09998876 26.0499987 0 P 0
L 36.05399952 18.43400936 36.05402492 18.43400936 0 P 0
L 36.09998876 25.00149686 36.09998876 26.0499987 0 P 0
L 36.09998876 25.00149686 36.60148382 24.5000018 0 P 0
L 36.14325766 10.00674148 37.4500013 8.69999784 0 P 0
L 36.40754974 24.1000026 41.29999614 24.1000026 0 P 0
L 36.54026982 21.65973062 37.4500013 20.74999914 0 P 0
L 36.5499904 26.0999986 36.5999903 26.0499987 0 P 0
L 36.5999903 25.28384834 36.5999903 26.0499987 0 P 0
L 36.5999903 25.28384834 36.98383764 24.900001 0 P 0
L 36.60148382 24.5000018 42.05045184 24.5000018 0 P 0
L 36.808029 16.31955334 38.54271692 16.31955334 0 P 0
L 36.808029 17.02755294 38.54271692 17.02755294 0 P 0
L 36.98383764 24.900001 43.47816298 24.900001 0 P 0
L 36.99124936 22.20875162 39.30000014 19.90000084 0 P 0
L 37.0499894 25.4171577 37.0499894 26.0999986 0 P 0
L 37.0499894 25.4171577 37.1671469 25.3000002 0 P 0
L 37.1671469 25.3000002 44.80000184 25.3000002 0 P 0
L 37.27522898 14.90355414 38.54271692 14.90355414 0 P 0
L 37.27522898 15.61155374 38.54271692 15.61155374 0 P 0
L 37.37332378 22.72667794 40.43398822 19.6660135 0 P 0
L 37.44975238 17.73555254 38.54271692 17.73555254 0 P 0
L 37.44975238 18.44355214 37.8040265 18.44355214 0 P 0
L 37.4500013 7.60000004 37.4500013 8.69999784 0 P 0
L 37.4500013 11.59999966 37.4500013 11.61754344 0 P 0
L 37.4500013 11.61754344 37.4500013 13.84155474 0 P 0
L 37.4500013 19.50555154 37.4500013 20.5928214 0 P 0
L 37.4500013 20.5928214 37.4500013 20.74999914 0 P 0
L 37.79999806 23.3000042 42.8272956 18.27270666 0 P 0
L 37.8040011 14.19555454 38.54271692 14.19555454 0 P 0
L 37.8040011 19.15155174 37.8040265 19.15155174 0 P 0
L 38.83825862 9.23978086 39.05990664 9.23978086 0 P 0
L 38.83825862 9.94778046 39.84316644 9.94778046 0 P 0
L 39.00400124 10.65578006 39.84316644 10.65578006 0 P 0
L 39.00400124 11.36377966 39.39600198 11.36377966 0 P 0
L 39.16329734 12.07177926 39.39600198 12.07177926 0 P 0
L 39.16329734 12.77977886 39.65402534 12.77977886 0 P 0
L 39.30000014 13.84177826 39.30000014 19.32843988 0 P 0
L 39.30000014 19.32843988 39.30000014 19.90000084 0 P 0
L 39.41881118 23.7000034 40.58774204 22.53107254 0 P 0
L 39.4872337 9.06276826 39.5872335 8.96276846 0 P 0
L 39.5872335 8.96276846 40.95000192 7.60000004 0 P 0
L 39.65399994 13.48777846 39.65402534 13.48777846 0 P 0
L 40.05399914 14.8700109 42.07330168 14.8700109 0 P 0
L 40.05399914 15.5780105 42.0732966 15.5780105 0 P 0
L 40.26668604 16.2860101 42.0732966 16.2860101 0 P 0
L 40.26668604 16.9940097 41.30402712 16.9940097 0 P 0
L 40.43398822 19.6660135 40.95000192 19.1499998 0 P 0
L 40.58774204 22.53107254 40.6584531 22.46036148 0 P 0
L 40.65845056 22.46036148 40.65846326 22.46034878 0 P 0
L 40.93315664 20.73252648 40.93315918 20.73252902 0 P 0
L 40.93315918 20.73252394 40.93316172 20.73252648 0 P 0
L 40.93315918 20.73252902 40.93316172 20.73252648 0 P 0
L 40.93315918 21.2331554 40.93315918 21.23315794 0 P 0
L 40.93315918 21.23315794 42.01684256 22.31684132 0 P 0
L 40.95000192 11.59999966 40.95000192 12.9999994 0 P 0
L 40.95000192 12.9999994 40.95000192 13.8080115 0 P 0
L 40.95000192 18.0560091 40.95000192 19.1499998 0 P 0
L 41.15909218 22.46034878 41.51621364 22.81747024 0 P 0
L 41.29999614 24.1000026 46.12192452 19.27807422 0 P 0
L 41.30400172 14.1620113 42.07330168 14.1620113 0 P 0
L 41.30400172 17.7020093 41.30402712 17.7020093 0 P 0
L 41.43379064 20.73252648 42.51747402 21.81620986 0 P 0
L 41.51621364 22.8174677 41.51621364 22.81747024 0 P 0
L 42.05045184 24.5000018 47.95000062 18.60045302 0 P 0
L 42.10403314 19.90087714 42.10403568 19.90087968 0 P 0
L 42.10403568 19.9008746 42.10403822 19.90087714 0 P 0
L 42.10403568 19.90087968 42.10403822 19.90087714 0 P 0
L 42.10403568 20.40150606 43.01810548 21.3155784 0 P 0
L 42.51747402 21.81620732 42.51747402 21.81620986 0 P 0
L 42.60466714 19.90087714 43.16163326 20.45784072 0 P 0
L 42.8272956 9.22270444 42.8272956 13.30778644 0 P 0
L 42.8272956 9.22270444 43.54999926 8.50000078 0 P 0
L 42.8272956 17.55578404 42.8272956 17.65579654 0 P 0
L 42.8272956 17.65579654 42.8272956 18.27270666 0 P 0
L 43.01810294 21.81620986 43.01810548 21.81620732 0 P 0
L 43.1812954 13.66178624 43.43684734 13.66178624 0 P 0
L 43.1812954 17.20178424 43.61322748 17.20178424 0 P 0
L 43.18130048 15.78578504 43.61322748 15.78578504 0 P 0
L 43.18130048 16.49378464 43.61322748 16.49378464 0 P 0
L 43.18130556 14.36978584 43.43684734 14.36978584 0 P 0
L 43.18130556 15.07778544 43.61322748 15.07778544 0 P 0
L 43.47816298 24.900001 49.89999926 18.47816472 0 P 0
L 43.54999926 8.50000078 44.45 7.60000004 0 P 0
L 43.66224694 19.4565651 44.45 18.66881458 0 P 0
L 43.66224694 19.95719402 43.66226472 19.9572118 0 P 0
L 43.66226218 20.45784326 43.66226472 20.45784072 0 P 0
L 44.45 11.59999966 44.45 17.29333346 0 P 0
L 44.45 17.29333346 44.45 18.66881458 0 P 0
L 44.80000184 25.3000002 46.7972902 23.30271184 0 P 0
L 45.76789932 15.98400156 45.76792472 15.98400156 0 P 0
L 45.76789932 16.69200116 46.50042262 16.69200116 0 P 0
L 46.12192452 11.73102048 46.12192452 15.63000176 0 P 0
L 46.12192452 11.73102048 46.27700676 11.57593824 0 P 0
L 46.12192452 17.75400056 46.12192452 17.85401306 0 P 0
L 46.12192452 17.85401306 46.12192452 19.27807422 0 P 0
L 46.27700676 11.57593824 47.95000062 9.90294438 0 P 0
L 46.47592432 17.40000076 46.50042262 17.40000076 0 P 0
L 46.79728766 23.30271184 46.86799872 23.23200078 0 P 0
L 46.86799872 23.23200078 47.47486568 22.62513382 0 P 0
L 46.8759286 15.22998732 48.34485378 15.22998732 0 P 0
L 46.8759286 15.93798692 48.39600176 15.93798692 0 P 0
L 47.47486314 22.62513128 47.47486568 22.62513382 0 P 0
L 47.59597542 13.81398812 47.59600082 13.81398812 0 P 0
L 47.59597542 14.52198772 48.34485378 14.52198772 0 P 0
L 47.95000062 7.60000004 47.95000062 9.90294438 0 P 0
L 47.95000062 11.59999966 47.95000062 12.1000012 0 P 0
L 47.95000062 12.1000012 47.95000062 13.45998832 0 P 0
L 47.95000062 16.99998632 47.95000062 17.09999882 0 P 0
L 47.95000062 17.09999882 47.95000062 18.60045302 0 P 0
L 47.9754946 22.62513128 47.97551238 22.62514906 0 P 0
L 48.30399026 21.45173764 48.3039928 21.45174018 0 P 0
L 48.3039928 21.4517351 48.30399534 21.45173764 0 P 0
L 48.3039928 21.45174018 48.30399534 21.45173764 0 P 0
L 48.3039928 21.95236656 48.3039928 21.9523691 0 P 0
L 48.3039928 21.9523691 48.47614384 22.12452014 0 P 0
L 48.30400042 16.64598652 48.39600176 16.64598652 0 P 0
L 48.4761413 22.6251516 48.47614384 22.62514906 0 P 0
L 48.80462426 21.45173764 48.84620406 21.4933149 0 P 0
L 49.30525318 20.45047472 49.30525572 20.45047726 0 P 0
L 49.30525572 20.45047218 49.30525826 20.45047472 0 P 0
L 49.30525572 20.45047726 49.30525826 20.45047472 0 P 0
L 49.30525572 20.95110364 49.30525572 20.95110618 0 P 0
L 49.30525572 20.95110618 49.34683552 20.99268598 0 P 0
L 49.34683298 21.49331744 49.34683552 21.4933149 0 P 0
L 49.80588718 20.45047472 50.15084712 20.79543466 0 P 0
L 49.89999926 9.14999948 49.89999926 18.47816472 0 P 0
L 49.89999926 9.14999948 51.4499987 7.60000004 0 P 0
L 50.15084712 20.79543212 50.15084712 20.79543466 0 P 0
L 50.4786519 19.6213476 50.97929098 19.12070852 0 P 0
L 50.4786519 20.12197652 50.65147858 20.2948032 0 P 0
L 50.65147604 20.79543466 50.65147858 20.79543212 0 P 0
L 50.97929098 19.12071106 51.05000204 19.05 0 P 0
L 51.05000204 19.05 51.4499987 18.65000334 0 P 0
L 51.4499987 11.59999966 51.4499987 18.65000334 0 P 0
P 3.99999962 3.99999962 3 P 0 0 ;0=2,1=0
P 3.99999962 25.9999988 3 P 0 0 ;0=2,1=0
P 12.95000204 7.60000004 4 P 0 0 ;0=3,1=0
P 12.95000204 11.59999966 4 P 0 0 ;0=3,1=0
P 16.45000012 7.60000004 4 P 0 0 ;0=3,1=0
P 16.45000012 11.59999966 4 P 0 0 ;0=3,1=0
P 19.95000074 7.60000004 4 P 0 0 ;0=3,1=0
P 19.95000074 11.59999966 4 P 0 0 ;0=3,1=0
P 23.45000136 7.60000004 4 P 0 0 ;0=3,1=0
P 23.45000136 11.59999966 4 P 0 0 ;0=3,1=0
P 24.54998646 28.59999868 2 P 0 0 ;0=1,1=0,2
P 25.549987 26.0999986 1 P 0 0 ;0=0,1=0,2
P 26.04998854 26.0999986 1 P 0 0 ;0=0,1=0,2
P 26.54998754 26.0999986 1 P 0 0 ;0=0,1=0,2
P 26.95000198 7.60000004 4 P 0 0 ;0=3,1=0
P 26.95000198 11.59999966 4 P 0 0 ;0=3,1=0
P 27.04998908 26.0999986 1 P 0 0 ;0=0,1=0,2
P 27.54998808 26.0999986 1 P 0 0 ;0=0,1=0,2
P 28.04998962 26.0999986 1 P 0 0 ;0=0,1=0,2
P 28.54998862 26.0999986 1 P 0 0 ;0=0,1=0,2
P 29.04998762 26.0999986 1 P 0 0 ;0=0,1=0,2
P 29.54998662 26.0999986 1 P 0 0 ;0=0,1=0,2
P 30.04998816 26.0999986 1 P 0 0 ;0=0,1=0,2
P 30.45000006 7.60000004 4 P 0 0 ;0=3,1=0
P 30.45000006 11.59999966 4 P 0 0 ;0=3,1=0
P 30.54998716 26.0999986 1 P 0 0 ;0=0,1=0,2
P 31.0499887 26.0999986 1 P 0 0 ;0=0,1=0,2
P 31.5499877 26.0999986 1 P 0 0 ;0=0,1=0,2
P 32.04998924 26.0999986 1 P 0 0 ;0=0,1=0,2
P 32.54998824 26.0999986 1 P 0 0 ;0=0,1=0,2
P 33.04998978 26.0999986 1 P 0 0 ;0=0,1=0,2
P 33.54998878 26.0999986 1 P 0 0 ;0=0,1=0,2
P 33.95000068 7.60000004 4 P 0 0 ;0=3,1=0
P 33.95000068 11.59999966 4 P 0 0 ;0=3,1=0
P 34.04999032 26.0999986 1 P 0 0 ;0=0,1=0,2
P 34.54998932 26.0999986 1 P 0 0 ;0=0,1=0,2
P 35.04998832 26.0999986 1 P 0 0 ;0=0,1=0,2
P 35.54998986 26.0999986 1 P 0 0 ;0=0,1=0,2
P 36.04998886 26.0999986 1 P 0 0 ;0=0,1=0,2
P 36.5499904 26.0999986 1 P 0 0 ;0=0,1=0,2
P 37.0499894 26.0999986 1 P 0 0 ;0=0,1=0,2
P 37.4500013 7.60000004 4 P 0 0 ;0=3,1=0
P 37.4500013 11.59999966 4 P 0 0 ;0=3,1=0
P 38.04998994 28.59999868 2 P 0 0 ;0=1,1=0,2
P 40.95000192 7.60000004 4 P 0 0 ;0=3,1=0
P 40.95000192 11.59999966 4 P 0 0 ;0=3,1=0
P 44.45 7.60000004 4 P 0 0 ;0=3,1=0
P 44.45 11.59999966 4 P 0 0 ;0=3,1=0
P 47.95000062 7.60000004 4 P 0 0 ;0=3,1=0
P 47.95000062 11.59999966 4 P 0 0 ;0=3,1=0
P 51.4499987 7.60000004 4 P 0 0 ;0=3,1=0
P 51.4499987 11.59999966 4 P 0 0 ;0=3,1=0
P 57.7999987 25.59999706 3 P 0 0 ;0=2,1=0
P 58.00000084 3.99999962 3 P 0 0 ;0=2,1=0
S P 0
OB 12.05041024 8.64850696 I
OS 12.10539362 8.6160102
OS 12.17137012 8.5875114
OS 12.24833974 8.56301056
OS 12.33629994 8.54250514
OS 12.4352558 8.52600022
OS 12.6661418 8.50498172
OS 12.79807702 8.50046814
OS 12.94100282 8.49995506
OS 12.05004702 7.60899926
OS 12.04953394 7.75192506
OS 12.02400186 8.11474628
OS 12.00749694 8.21370214
OS 11.98699152 8.30166234
OS 11.96249068 8.37863196
OS 11.93399188 8.44460846
OS 11.90149512 8.49959184
OS 11.86499786 8.5435821
OS 12.00641998 8.68500422
OS 12.05041024 8.64850696
OE
SE
S P 0
OB 13.05016948 12.57996976 I
OS 13.05417506 12.52039914
OS 13.05601402 12.5106684
OS 13.05818318 12.50300522
OS 13.06068762 12.49740452
OS 13.06352734 12.49387138
OS 13.0666998 12.49240072
OS 12.83330428 12.49240072
OS 12.83647674 12.49387138
OS 12.83931646 12.49740452
OS 12.8418209 12.50300522
OS 12.84399006 12.5106684
OS 12.84582902 12.52039914
OS 12.84733016 12.5321949
OS 12.84933422 12.56197894
OS 12.85000224 12.6000256
OS 13.05000184 12.6000256
OS 13.05016948 12.57996976
OE
SE
S P 0
OB 15.55040832 8.64850696 I
OS 15.6053917 8.6160102
OS 15.6713682 8.5875114
OS 15.74833782 8.56301056
OS 15.83629802 8.54250514
OS 15.93525388 8.52600022
OS 16.16613988 8.50498172
OS 16.2980751 8.50046814
OS 16.4410009 8.49995506
OS 15.5500451 7.60899926
OS 15.54953202 7.75192506
OS 15.52399994 8.11474628
OS 15.50749502 8.21370214
OS 15.4869896 8.30166234
OS 15.46248876 8.37863196
OS 15.43398996 8.44460846
OS 15.4014932 8.49959184
OS 15.36499594 8.5435821
OS 15.50641806 8.68500422
OS 15.55040832 8.64850696
OE
SE
S P 0
OB 19.05040894 8.64850696 I
OS 19.10539232 8.6160102
OS 19.17136882 8.5875114
OS 19.2483359 8.56300802
OS 19.33629864 8.54250514
OS 19.4352545 8.52600022
OS 19.6661405 8.50498172
OS 19.79807318 8.50046814
OS 19.94099898 8.49995506
OS 19.05004572 7.60899926
OS 19.04953264 7.75192506
OS 19.02400056 8.11474628
OS 19.00749564 8.2136996
OS 18.98699022 8.30166234
OS 18.96248938 8.37863196
OS 18.93399058 8.44460846
OS 18.90149128 8.49959184
OS 18.86499656 8.5435821
OS 19.00641868 8.68500168
OS 19.05040894 8.64850696
OE
SE
S P 0
OB 20.05530152 12.97751278 I
OS 20.07119938 12.91565616
OS 20.09770174 12.84885162
OS 20.13480098 12.7771017
OS 20.18249964 12.70040386
OS 20.24080026 12.61876064
OS 20.38919976 12.44063806
OS 20.47930118 12.34415616
OS 20.57999948 12.24272888
OS 19.320002 12.24272888
OS 19.4207003 12.34415616
OS 19.65920122 12.61876064
OS 19.71750184 12.70040386
OS 19.7652005 12.7771017
OS 19.80229974 12.84885162
OS 19.8288021 12.91565616
OS 19.84469996 12.97751278
OS 19.85000094 13.03442656
OS 20.05000054 13.03442656
OS 20.05530152 12.97751278
OE
SE
S P 0
OB 22.5672142 8.63127814 I
OS 22.62291894 8.5967824
OS 22.68782356 8.56722696
OS 22.76193314 8.54260928
OS 22.8452426 8.52292936
OS 22.93775194 8.5081872
OS 23.03946624 8.4983828
OS 23.27049702 8.49358982
OS 23.3998135 8.4985987
OS 22.5514027 7.6501879
OS 22.55641158 7.77950438
OS 22.5516186 8.01053516
OS 22.5418142 8.11224946
OS 22.52707204 8.2047588
OS 22.50739212 8.28806826
OS 22.48277444 8.36217784
OS 22.453219 8.42708246
OS 22.41872326 8.4827872
OS 22.37928976 8.52928952
OS 22.52071188 8.67071164
OS 22.5672142 8.63127814
OE
SE
S P 0
OB 23.55530214 12.97751278 I
OS 23.5712 12.91565616
OS 23.59770236 12.84885162
OS 23.6348016 12.7771017
OS 23.68250026 12.70040386
OS 23.74080088 12.61876064
OS 23.88920038 12.44063806
OS 23.9793018 12.34415616
OS 24.0800001 12.24272888
OS 22.82000262 12.24272888
OS 22.92070092 12.34415616
OS 23.15920184 12.61876064
OS 23.21750246 12.70040386
OS 23.26520112 12.7771017
OS 23.30230036 12.84885162
OS 23.32880272 12.91565616
OS 23.34470058 12.97751278
OS 23.35000156 13.03442656
OS 23.55000116 13.03442656
OS 23.55530214 12.97751278
OE
SE
S P 0
OB 25.68801822 25.70104842 I
OS 25.680035 25.6950464
OS 25.67299412 25.68504642
OS 25.6668905 25.67104848
OS 25.66172414 25.6530475
OS 25.65750012 25.63104856
OS 25.65421336 25.60504658
OS 25.6504567 25.54104874
OS 25.6499868 25.5030478
OS 25.4499872 25.5030478
OS 25.4495173 25.54104874
OS 25.44247388 25.63104856
OS 25.43824986 25.6530475
OS 25.4330835 25.67104848
OS 25.42697988 25.68504642
OS 25.419939 25.6950464
OS 25.41195578 25.70104842
OS 25.4030353 25.7030474
OS 25.6969387 25.7030474
OS 25.68801822 25.70104842
OE
SE
S P 0
OB 26.05041018 8.64850696 I
OS 26.10539356 8.6160102
OS 26.17137006 8.5875114
OS 26.24833968 8.56301056
OS 26.33629988 8.54250514
OS 26.43525574 8.52600022
OS 26.66614174 8.50498172
OS 26.79807696 8.50046814
OS 26.94100276 8.49995506
OS 26.05004696 7.60899926
OS 26.04953388 7.75192506
OS 26.0240018 8.11474628
OS 26.00749688 8.21370214
OS 25.98699146 8.30166234
OS 25.96249062 8.37863196
OS 25.93399182 8.44460846
OS 25.90149506 8.49959184
OS 25.8649978 8.5435821
OS 26.00641992 8.68500422
OS 26.05041018 8.64850696
OE
SE
S P 0
OB 26.18801976 25.70104842 I
OS 26.18003654 25.6950464
OS 26.17299566 25.68504642
OS 26.16689204 25.67104848
OS 26.16172568 25.6530475
OS 26.15750166 25.63104856
OS 26.1542149 25.60504658
OS 26.15045824 25.54104874
OS 26.14998834 25.5030478
OS 25.94998874 25.5030478
OS 25.94951884 25.54104874
OS 25.94247542 25.63104856
OS 25.9382514 25.6530475
OS 25.93308504 25.67104848
OS 25.92698142 25.68504642
OS 25.91994054 25.6950464
OS 25.91195732 25.70104842
OS 25.90303684 25.7030474
OS 26.19694024 25.7030474
OS 26.18801976 25.70104842
OE
SE
S P 0
OB 26.68801876 25.70104842 I
OS 26.68003554 25.6950464
OS 26.67299466 25.68504642
OS 26.66689104 25.67104848
OS 26.66172468 25.6530475
OS 26.65750066 25.63104856
OS 26.6542139 25.60504658
OS 26.65045724 25.54104874
OS 26.64998734 25.5030478
OS 26.44998774 25.5030478
OS 26.44951784 25.54104874
OS 26.44247442 25.63104856
OS 26.4382504 25.6530475
OS 26.43308404 25.67104848
OS 26.42698042 25.68504642
OS 26.41993954 25.6950464
OS 26.41195632 25.70104842
OS 26.40303584 25.7030474
OS 26.69693924 25.7030474
OS 26.68801876 25.70104842
OE
SE
S P 0
OB 27.05530276 12.97751278 I
OS 27.07120062 12.91565616
OS 27.09770298 12.84885162
OS 27.13480222 12.7771017
OS 27.18250088 12.70040386
OS 27.2408015 12.61876064
OS 27.389201 12.44063806
OS 27.47930242 12.34415616
OS 27.58000072 12.24272888
OS 26.32000324 12.24272888
OS 26.42070154 12.34415616
OS 26.65920246 12.61876064
OS 26.71750308 12.70040386
OS 26.76520174 12.7771017
OS 26.80230098 12.84885162
OS 26.82880334 12.91565616
OS 26.8447012 12.97751278
OS 26.85000218 13.03442656
OS 27.05000178 13.03442656
OS 27.05530276 12.97751278
OE
SE
S P 0
OB 27.1880203 25.70104842 I
OS 27.18003708 25.6950464
OS 27.1729962 25.68504642
OS 27.16689258 25.67104848
OS 27.16172622 25.6530475
OS 27.1575022 25.63104856
OS 27.15421544 25.60504658
OS 27.15045878 25.54104874
OS 27.14998888 25.5030478
OS 26.94998928 25.5030478
OS 26.94951938 25.54104874
OS 26.94247596 25.63104856
OS 26.93825194 25.6530475
OS 26.93308558 25.67104848
OS 26.92698196 25.68504642
OS 26.91994108 25.6950464
OS 26.91195786 25.70104842
OS 26.90303738 25.7030474
OS 27.19694078 25.7030474
OS 27.1880203 25.70104842
OE
SE
S P 0
OB 27.6880193 25.70104842 I
OS 27.68003608 25.6950464
OS 27.6729952 25.68504642
OS 27.66689158 25.67104848
OS 27.66172522 25.6530475
OS 27.6575012 25.63104856
OS 27.65421444 25.60504658
OS 27.65045778 25.54104874
OS 27.64998788 25.5030478
OS 27.44998828 25.5030478
OS 27.44951838 25.54104874
OS 27.44247496 25.63104856
OS 27.43825094 25.6530475
OS 27.43308458 25.67104848
OS 27.42698096 25.68504642
OS 27.41994008 25.6950464
OS 27.41195686 25.70104842
OS 27.40303638 25.7030474
OS 27.69693978 25.7030474
OS 27.6880193 25.70104842
OE
SE
S P 0
OB 28.18802084 25.70104842 I
OS 28.18003762 25.6950464
OS 28.17299674 25.68504642
OS 28.16689312 25.67104848
OS 28.16172676 25.6530475
OS 28.15750274 25.63104856
OS 28.15421598 25.60504658
OS 28.15045932 25.54104874
OS 28.14998942 25.5030478
OS 27.94998982 25.5030478
OS 27.94951992 25.54104874
OS 27.9424765 25.63104856
OS 27.93825248 25.6530475
OS 27.93308612 25.67104848
OS 27.9269825 25.68504642
OS 27.91994162 25.6950464
OS 27.9119584 25.70104842
OS 27.90303792 25.7030474
OS 28.19694132 25.7030474
OS 28.18802084 25.70104842
OE
SE
S P 0
OB 28.68801984 25.70104842 I
OS 28.68003662 25.6950464
OS 28.67299574 25.68504642
OS 28.66689212 25.67104848
OS 28.66172576 25.6530475
OS 28.65750174 25.63104856
OS 28.65421498 25.60504658
OS 28.65045832 25.54104874
OS 28.64998842 25.5030478
OS 28.44998882 25.5030478
OS 28.44951892 25.54104874
OS 28.4424755 25.63104856
OS 28.43825148 25.6530475
OS 28.43308512 25.67104848
OS 28.4269815 25.68504642
OS 28.41994062 25.6950464
OS 28.4119574 25.70104842
OS 28.40303692 25.7030474
OS 28.69694032 25.7030474
OS 28.68801984 25.70104842
OE
SE
S P 0
OB 29.18801884 25.70104842 I
OS 29.18003562 25.6950464
OS 29.17299474 25.68504642
OS 29.16689112 25.67104848
OS 29.16172476 25.6530475
OS 29.15750074 25.63104856
OS 29.15421398 25.60504658
OS 29.15045732 25.54104874
OS 29.14998742 25.5030478
OS 28.94998782 25.5030478
OS 28.94951792 25.54104874
OS 28.9424745 25.63104856
OS 28.93825048 25.6530475
OS 28.93308412 25.67104848
OS 28.9269805 25.68504642
OS 28.91993962 25.6950464
OS 28.9119564 25.70104842
OS 28.90303592 25.7030474
OS 29.19693932 25.7030474
OS 29.18801884 25.70104842
OE
SE
S P 0
OB 29.68801784 25.70104842 I
OS 29.68003462 25.6950464
OS 29.67299374 25.68504642
OS 29.66689012 25.67104848
OS 29.66172376 25.6530475
OS 29.65749974 25.63104856
OS 29.65421298 25.60504658
OS 29.65045632 25.54104874
OS 29.64998642 25.5030478
OS 29.44998682 25.5030478
OS 29.44951692 25.54104874
OS 29.4424735 25.63104856
OS 29.43824948 25.6530475
OS 29.43308312 25.67104848
OS 29.4269795 25.68504642
OS 29.41993862 25.6950464
OS 29.4119554 25.70104842
OS 29.40303492 25.7030474
OS 29.69693832 25.7030474
OS 29.68801784 25.70104842
OE
SE
S P 0
OB 30.18801938 25.70104842 I
OS 30.18003616 25.6950464
OS 30.17299528 25.68504642
OS 30.16689166 25.67104848
OS 30.1617253 25.6530475
OS 30.15750128 25.63104856
OS 30.15421452 25.60504658
OS 30.15045786 25.54104874
OS 30.14998796 25.5030478
OS 29.94998836 25.5030478
OS 29.94951846 25.54104874
OS 29.94247504 25.63104856
OS 29.93825102 25.6530475
OS 29.93308466 25.67104848
OS 29.92698104 25.68504642
OS 29.91994016 25.6950464
OS 29.91195694 25.70104842
OS 29.90303646 25.7030474
OS 30.19693986 25.7030474
OS 30.18801938 25.70104842
OE
SE
S P 0
OB 30.5531139 12.7956183 I
OS 30.5624611 12.74114546
OS 30.57803638 12.68931422
OS 30.59984228 12.64012204
OS 30.6278788 12.59356892
OS 30.66214594 12.5496574
OS 30.7026437 12.50838494
OS 30.74937208 12.46975154
OS 30.80233108 12.43375974
OS 30.8615207 12.400407
OS 30.03847942 12.400407
OS 30.09766904 12.43375974
OS 30.15062804 12.46975154
OS 30.19735642 12.50838494
OS 30.23785418 12.5496574
OS 30.27212132 12.59356892
OS 30.30015784 12.64012204
OS 30.32196374 12.68931422
OS 30.33753902 12.74114546
OS 30.34688622 12.7956183
OS 30.35000026 12.8527302
OS 30.54999986 12.8527302
OS 30.5531139 12.7956183
OE
SE
S P 0
OB 30.68801838 25.70104842 I
OS 30.68003516 25.6950464
OS 30.67299428 25.68504642
OS 30.66689066 25.67104848
OS 30.6617243 25.6530475
OS 30.65750028 25.63104856
OS 30.65421352 25.60504658
OS 30.65045686 25.54104874
OS 30.64998696 25.5030478
OS 30.44998736 25.5030478
OS 30.44951746 25.54104874
OS 30.44247404 25.63104856
OS 30.43825002 25.6530475
OS 30.43308366 25.67104848
OS 30.42698004 25.68504642
OS 30.41993916 25.6950464
OS 30.41195594 25.70104842
OS 30.40303546 25.7030474
OS 30.69693886 25.7030474
OS 30.68801838 25.70104842
OE
SE
S P 0
OB 31.18801992 25.70104842 I
OS 31.1800367 25.6950464
OS 31.17299582 25.68504642
OS 31.1668922 25.67104848
OS 31.16172584 25.6530475
OS 31.15750182 25.63104856
OS 31.15421506 25.60504658
OS 31.1504584 25.54104874
OS 31.1499885 25.5030478
OS 30.9499889 25.5030478
OS 30.949519 25.54104874
OS 30.94247558 25.63104856
OS 30.93825156 25.6530475
OS 30.9330852 25.67104848
OS 30.92698158 25.68504642
OS 30.9199407 25.6950464
OS 30.91195748 25.70104842
OS 30.903037 25.7030474
OS 31.1969404 25.7030474
OS 31.18801992 25.70104842
OE
SE
S P 0
OB 32.18802046 25.70104842 I
OS 32.18003724 25.6950464
OS 32.17299636 25.68504642
OS 32.16689274 25.67104848
OS 32.16172638 25.6530475
OS 32.15750236 25.63104856
OS 32.1542156 25.60504658
OS 32.15045894 25.54104874
OS 32.14998904 25.5030478
OS 31.94998944 25.5030478
OS 31.94951954 25.54104874
OS 31.94247612 25.63104856
OS 31.9382521 25.6530475
OS 31.93308574 25.67104848
OS 31.92698212 25.68504642
OS 31.91994124 25.6950464
OS 31.91195802 25.70104842
OS 31.90303754 25.7030474
OS 32.19694094 25.7030474
OS 32.18802046 25.70104842
OE
SE
S P 0
OB 32.68801946 25.70104842 I
OS 32.68003624 25.6950464
OS 32.67299536 25.68504642
OS 32.66689174 25.67104848
OS 32.66172538 25.6530475
OS 32.65750136 25.63104856
OS 32.6542146 25.60504658
OS 32.65045794 25.54104874
OS 32.64998804 25.5030478
OS 32.44998844 25.5030478
OS 32.44951854 25.54104874
OS 32.44247512 25.63104856
OS 32.4382511 25.6530475
OS 32.43308474 25.67104848
OS 32.42698112 25.68504642
OS 32.41994024 25.6950464
OS 32.41195702 25.70104842
OS 32.40303654 25.7030474
OS 32.69693994 25.7030474
OS 32.68801946 25.70104842
OE
SE
S P 0
OB 33.188021 25.70104842 I
OS 33.18003778 25.6950464
OS 33.1729969 25.68504642
OS 33.16689328 25.67104848
OS 33.16172692 25.6530475
OS 33.1575029 25.63104856
OS 33.15421614 25.60504658
OS 33.15045948 25.54104874
OS 33.14998958 25.5030478
OS 32.94998998 25.5030478
OS 32.94952008 25.54104874
OS 32.94247666 25.63104856
OS 32.93825264 25.6530475
OS 32.93308628 25.67104848
OS 32.92698266 25.68504642
OS 32.91994178 25.6950464
OS 32.91195856 25.70104842
OS 32.90303808 25.7030474
OS 33.19694148 25.7030474
OS 33.188021 25.70104842
OE
SE
S P 0
OB 33.19383252 8.75419382 I
OS 33.24277832 8.72506764
OS 33.30515818 8.69572302
OS 33.3809721 8.66615996
OS 33.57289704 8.60637852
OS 33.81855314 8.54572332
OS 34.1179404 8.48419182
OS 33.06934458 7.78559022
OS 33.09371334 7.91391356
OS 33.12080752 8.14398422
OS 33.12353294 8.24573408
OS 33.11904222 8.33862442
OS 33.1073379 8.42265524
OS 33.08841998 8.49782908
OS 33.06228592 8.5641434
OS 33.02893826 8.62160328
OS 32.98837446 8.6702011
OS 33.1583157 8.78310156
OS 33.19383252 8.75419382
OE
SE
S P 0
OB 33.68802 25.70104842 I
OS 33.68003678 25.6950464
OS 33.6729959 25.68504642
OS 33.66689228 25.67104848
OS 33.66172592 25.6530475
OS 33.6575019 25.63104856
OS 33.65421514 25.60504658
OS 33.65045848 25.54104874
OS 33.64998858 25.5030478
OS 33.44998898 25.5030478
OS 33.44951908 25.54104874
OS 33.44247566 25.63104856
OS 33.43825164 25.6530475
OS 33.43308528 25.67104848
OS 33.42698166 25.68504642
OS 33.41994078 25.6950464
OS 33.41195756 25.70104842
OS 33.40303708 25.7030474
OS 33.69694048 25.7030474
OS 33.68802 25.70104842
OE
SE
S P 0
OB 34.18802154 25.70104842 I
OS 34.18003832 25.6950464
OS 34.17299744 25.68504642
OS 34.16689382 25.67104848
OS 34.16172746 25.6530475
OS 34.15750344 25.63104856
OS 34.15421668 25.60504658
OS 34.15046002 25.54104874
OS 34.14999012 25.5030478
OS 33.94999052 25.5030478
OS 33.94952062 25.54104874
OS 33.9424772 25.63104856
OS 33.93825318 25.6530475
OS 33.93308682 25.67104848
OS 33.9269832 25.68504642
OS 33.91994232 25.6950464
OS 33.9119591 25.70104842
OS 33.90303862 25.7030474
OS 34.19694202 25.7030474
OS 34.18802154 25.70104842
OE
SE
S P 0
OB 34.69418766 25.70104842 I
OS 34.69172386 25.6950464
OS 34.68954962 25.68504642
OS 34.68766748 25.67104848
OS 34.68476934 25.63104856
OS 34.68245032 25.5030478
OS 34.48245072 25.5030478
OS 34.4816557 25.54104874
OS 34.47530316 25.60504658
OS 34.46974564 25.63104856
OS 34.46259808 25.6530475
OS 34.45386302 25.67104848
OS 34.44353792 25.68504642
OS 34.43162532 25.6950464
OS 34.41812522 25.70104842
OS 34.40303762 25.7030474
OS 34.69694102 25.7030474
OS 34.69418766 25.70104842
OE
SE
S P 0
OB 35.19751914 25.70104842 I
OS 35.1980373 25.6950464
OS 35.19922602 25.6530475
OS 35.19998802 25.5030478
OS 34.99998842 25.5030478
OS 34.99901814 25.54104874
OS 34.99610984 25.57504664
OS 34.99126352 25.60504658
OS 34.98447664 25.63104856
OS 34.97575174 25.6530475
OS 34.96508628 25.67104848
OS 34.9524828 25.68504642
OS 34.93793876 25.6950464
OS 34.9214567 25.70104842
OS 34.90303662 25.7030474
OS 35.19694002 25.7030474
OS 35.19751914 25.70104842
OE
SE
S P 0
OB 35.69752068 25.70104842 I
OS 35.69803884 25.6950464
OS 35.69922756 25.6530475
OS 35.69998956 25.5030478
OS 35.49998996 25.5030478
OS 35.49901968 25.54104874
OS 35.49611138 25.57504664
OS 35.49126506 25.60504658
OS 35.48447818 25.63104856
OS 35.47575074 25.6530475
OS 35.46508782 25.67104848
OS 35.45248434 25.68504642
OS 35.4379403 25.6950464
OS 35.42145824 25.70104842
OS 35.40303816 25.7030474
OS 35.69694156 25.7030474
OS 35.69752068 25.70104842
OE
SE
S P 0
OB 36.19751968 25.70104842 I
OS 36.19803784 25.6950464
OS 36.19922656 25.6530475
OS 36.19998856 25.5030478
OS 35.99998896 25.5030478
OS 35.99901868 25.54104874
OS 35.99611038 25.57504664
OS 35.99126406 25.60504658
OS 35.98447718 25.63104856
OS 35.97574974 25.6530475
OS 35.96508682 25.67104848
OS 35.95248334 25.68504642
OS 35.9379393 25.6950464
OS 35.92145724 25.70104842
OS 35.90303716 25.7030474
OS 36.19694056 25.7030474
OS 36.19751968 25.70104842
OE
SE
S P 0
OB 36.69752122 25.70104842 I
OS 36.69803938 25.6950464
OS 36.6992281 25.6530475
OS 36.6999901 25.5030478
OS 36.4999905 25.5030478
OS 36.49902022 25.54104874
OS 36.49611192 25.57504664
OS 36.4912656 25.60504658
OS 36.48447872 25.63104856
OS 36.47575382 25.6530475
OS 36.46508836 25.67104848
OS 36.45248488 25.68504642
OS 36.43794084 25.6950464
OS 36.42145878 25.70104842
OS 36.4030387 25.7030474
OS 36.6969421 25.7030474
OS 36.69752122 25.70104842
OE
SE
S P 0
OB 37.18802062 25.70104842 I
OS 37.1800374 25.6950464
OS 37.17299652 25.68504642
OS 37.1668929 25.67104848
OS 37.16172654 25.6530475
OS 37.15750252 25.63104856
OS 37.15421576 25.60504658
OS 37.1504591 25.54104874
OS 37.1499892 25.5030478
OS 36.9499896 25.5030478
OS 36.9495197 25.54104874
OS 36.94247628 25.63104856
OS 36.93825226 25.6530475
OS 36.9330859 25.67104848
OS 36.92698228 25.68504642
OS 36.9199414 25.6950464
OS 36.91195818 25.70104842
OS 36.9030377 25.7030474
OS 37.1969411 25.7030474
OS 37.18802062 25.70104842
OE
SE
S P 0
OB 37.5513346 8.6625938 I
OS 37.5553351 8.62837238
OS 37.56200006 8.59733612
OS 37.57133456 8.56948502
OS 37.58333352 8.544814
OS 37.59799948 8.52333068
OS 37.61533244 8.50502744
OS 37.6353324 8.4899119
OS 37.65799936 8.47797644
OS 37.68333332 8.46922614
OS 37.21666928 8.46922614
OS 37.24200324 8.47797644
OS 37.2646702 8.4899119
OS 37.28467016 8.50502744
OS 37.30200312 8.52333068
OS 37.31666908 8.544814
OS 37.32866804 8.56948502
OS 37.33800254 8.59733612
OS 37.3446675 8.62837238
OS 37.348668 8.6625938
OS 37.3500015 8.69999784
OS 37.5500011 8.69999784
OS 37.5513346 8.6625938
OE
SE
S P 0
OB 37.55530208 12.97751278 I
OS 37.57119994 12.91565616
OS 37.5977023 12.84885162
OS 37.63480154 12.7771017
OS 37.6825002 12.70040386
OS 37.74080082 12.61876064
OS 37.88920032 12.44063806
OS 37.97930174 12.34415616
OS 38.08000004 12.24272888
OS 36.82000256 12.24272888
OS 36.92070086 12.34415616
OS 37.15920178 12.61876064
OS 37.2175024 12.70040386
OS 37.26520106 12.7771017
OS 37.3023003 12.84885162
OS 37.32880266 12.91565616
OS 37.34470052 12.97751278
OS 37.3500015 13.03442656
OS 37.5500011 13.03442656
OS 37.55530208 12.97751278
OE
SE
S P 0
OB 40.05041012 8.64850696 I
OS 40.1053935 8.6160102
OS 40.17137 8.5875114
OS 40.24833962 8.56301056
OS 40.33629982 8.54250514
OS 40.43525568 8.52600022
OS 40.66614168 8.50498172
OS 40.7980769 8.50046814
OS 40.9410027 8.49995506
OS 40.0500469 7.60899926
OS 40.04953382 7.75192506
OS 40.02400174 8.11474628
OS 40.00749682 8.21370214
OS 39.9869914 8.30166234
OS 39.96249056 8.37863196
OS 39.93399176 8.44460846
OS 39.901495 8.49959184
OS 39.86499774 8.5435821
OS 40.00641986 8.68500422
OS 40.05041012 8.64850696
OE
SE
S P 0
OB 41.05483534 12.93826724 I
OS 41.0693362 12.874371
OS 41.09350176 12.80831322
OS 41.12733456 12.7400939
OS 41.1708346 12.6697105
OS 41.22400188 12.59716556
OS 41.2868364 12.52245908
OS 41.35933562 12.44558852
OS 41.53333578 12.28536278
OS 40.36666806 12.28536278
OS 40.45850176 12.36655642
OS 40.61316744 12.52245908
OS 40.67600196 12.59716556
OS 40.72916924 12.6697105
OS 40.77266928 12.7400939
OS 40.80650208 12.80831322
OS 40.83066764 12.874371
OS 40.8451685 12.93826724
OS 40.85000212 12.9999994
OS 41.05000172 12.9999994
OS 41.05483534 12.93826724
OE
SE
S P 0
OB 43.66468788 8.53146884 I
OS 43.71177694 8.49859108
OS 43.76197242 8.47207856
OS 43.81527686 8.45192874
OS 43.87169026 8.43814416
OS 43.93121262 8.43072482
OS 43.99384394 8.42967072
OS 44.05958168 8.43497932
OS 44.12843092 8.44665316
OS 44.20038658 8.46469224
OS 43.5853078 7.84961346
OS 43.60334688 7.92156912
OS 43.61502072 7.99041836
OS 43.62032932 8.0561561
OS 43.61927522 8.11878742
OS 43.61185588 8.17830978
OS 43.5980713 8.23472318
OS 43.57792148 8.28802762
OS 43.55140896 8.3382231
OS 43.5185312 8.38531216
OS 43.4792882 8.42928972
OS 43.62071032 8.57071184
OS 43.66468788 8.53146884
OE
SE
S P 0
OB 44.55530078 12.97751278 I
OS 44.57119864 12.91565616
OS 44.597701 12.84885162
OS 44.63480024 12.7771017
OS 44.6824989 12.70040386
OS 44.74079952 12.61876064
OS 44.88919902 12.44063806
OS 44.97930044 12.34415616
OS 45.07999874 12.24272888
OS 43.82000126 12.24272888
OS 43.92069956 12.34415616
OS 44.15920048 12.61876064
OS 44.2175011 12.70040386
OS 44.26519976 12.7771017
OS 44.302299 12.84885162
OS 44.32880136 12.91565616
OS 44.34469922 12.97751278
OS 44.3500002 13.03442656
OS 44.5499998 13.03442656
OS 44.55530078 12.97751278
OE
SE
S P 0
OB 48.0553014 12.97751278 I
OS 48.07119926 12.91565616
OS 48.09770162 12.84885162
OS 48.13480086 12.7771017
OS 48.18249952 12.70040386
OS 48.24080014 12.61876064
OS 48.38919964 12.44063806
OS 48.47930106 12.34415616
OS 48.57999936 12.24272888
OS 47.32000188 12.24272888
OS 47.42070018 12.34415616
OS 47.6592011 12.61876064
OS 47.71750172 12.70040386
OS 47.76520038 12.7771017
OS 47.80229962 12.84885162
OS 47.82880198 12.91565616
OS 47.84469984 12.97751278
OS 47.85000082 13.03442656
OS 48.05000042 13.03442656
OS 48.0553014 12.97751278
OE
SE
S P 0
OB 48.0553014 8.97751316 I
OS 48.07119926 8.91565654
OS 48.09770162 8.848852
OS 48.13480086 8.77710208
OS 48.18249952 8.70040424
OS 48.24080014 8.61876102
OS 48.38919964 8.44063844
OS 48.47930106 8.34415654
OS 48.57999936 8.24272926
OS 47.32000188 8.24272926
OS 47.42070018 8.34415654
OS 47.6592011 8.61876102
OS 47.71750172 8.70040424
OS 47.76520038 8.77710208
OS 47.80229962 8.848852
OS 47.82880198 8.91565654
OS 47.84469984 8.97751316
OS 47.85000082 9.03442694
OS 48.05000042 9.03442694
OS 48.0553014 8.97751316
OE
SE
S P 0
OB 50.5504069 8.64850696 I
OS 50.60539028 8.6160102
OS 50.67136678 8.5875114
OS 50.7483364 8.56301056
OS 50.8362966 8.54250514
OS 50.93525246 8.52600022
OS 51.16613846 8.50498172
OS 51.29807368 8.50046814
OS 51.44099948 8.49995506
OS 50.55004368 7.60899926
OS 50.5495306 7.75192506
OS 50.52399852 8.11474628
OS 50.5074936 8.21370214
OS 50.48698818 8.30166234
OS 50.46248734 8.37863196
OS 50.43398854 8.44460846
OS 50.40149178 8.49959184
OS 50.36499452 8.5435821
OS 50.50641664 8.68500422
OS 50.5504069 8.64850696
OE
SE
S P 0
OB 51.55529948 12.97751278 I
OS 51.57119734 12.91565616
OS 51.5976997 12.84885162
OS 51.63479894 12.7771017
OS 51.6824976 12.70040386
OS 51.74079822 12.61876064
OS 51.88919772 12.44063806
OS 51.97929914 12.34415616
OS 52.07999744 12.24272888
OS 50.81999996 12.24272888
OS 50.92069826 12.34415616
OS 51.15919918 12.61876064
OS 51.2174998 12.70040386
OS 51.26519846 12.7771017
OS 51.3022977 12.84885162
OS 51.32880006 12.91565616
OS 51.34469792 12.97751278
OS 51.3499989 13.03442656
OS 51.5499985 13.03442656
OS 51.55529948 12.97751278
OE
SE
S P 0
OB 61.332999 29.57677092 I
OS 61.47093116 29.47093166
OS 61.57677042 29.3329995
OS 61.62736722 29.21084836
OS 61.59777622 29.16656092
OS 61.56463684 28.9999547
OS 61.56463684 1.00000054
OS 61.59777622 0.83339432
OS 61.62734436 0.78914244
OS 61.57677042 0.66704718
OS 61.47093116 0.52911502
OS 61.332999 0.42327576
OS 61.21089866 0.37269928
OS 61.16660614 0.40229536
OS 60.99999992 0.43543474
OS 1.00000054 0.43536362
OS 0.83339432 0.40222424
OS 0.78912466 0.3726434
OS 0.66700146 0.42323004
OS 0.5290693 0.5290693
OS 0.42323004 0.66700146
OS 0.3726434 0.78912466
OS 0.40222424 0.83339432
OS 0.43536362 1.00000054
OS 0.43536362 29.10000022
OS 0.40222424 29.26660644
OS 0.39821358 29.27260846
OS 0.42323004 29.3329995
OS 0.5290693 29.47093166
OS 0.66700146 29.57677092
OS 0.78912466 29.62735756
OS 0.83339432 29.59777672
OS 1.00000054 29.56463734
OS 60.99999992 29.56463734
OS 61.16660614 29.59777672
OS 61.2108758 29.62735756
OS 61.332999 29.57677092
OE
OB 38.44998914 29.19999748 H
OS 37.64999074 29.19999748
OS 37.64999074 27.99999988
OS 38.44998914 27.99999988
OS 38.44998914 29.19999748
OE
OB 24.94998566 29.19999748 H
OS 24.14998726 29.19999748
OS 24.14998726 27.99999988
OS 24.94998566 27.99999988
OS 24.94998566 29.19999748
OE
OB 29.45398732 26.7539978 H
OS 29.17698762 26.7539978
OS 29.17698762 26.26184486
OS 29.17314714 26.25609684
OS 29.14209818 26.10000368
OS 28.95787706 26.10000368
OS 28.9268281 26.25609684
OS 28.92298762 26.26184486
OS 28.92298762 26.7539978
OS 28.64598792 26.7539978
OS 28.64598792 26.6999974
OS 25.1999877 26.6999974
OS 25.1999877 26.29616788
OS 25.17319578 26.25607144
OS 25.1421519 26.0999986
OS 25.1421519 25.38633988
OS 25.06364558 25.3078361
OS 19.20000224 25.3078361
OS 19.0439294 25.27679222
OS 18.91161826 25.18838498
OS 18.91161318 25.18837736
OS 11.21161588 17.4883826
OS 11.12320864 17.35607146
OS 11.09216222 17.19999862
OS 11.09216476 17.19998592
OS 11.09216476 9.05001492
OS 11.09216222 9.05000222
OS 11.12320864 8.89392938
OS 11.21161588 8.76161824
OS 11.80901372 8.1642204
OS 11.82126668 8.0907636
OS 11.84564306 7.74437364
OS 11.8461282 7.60901196
OS 11.84612566 7.60899926
OS 11.8461282 7.60898656
OS 11.84613074 7.60826774
OS 11.85000424 7.5891517
OS 11.85000424 7.45518194
OS 11.92496726 7.17541618
OS 12.06978536 6.9245861
OS 12.2745881 6.71978336
OS 12.52541818 6.57496526
OS 12.80518394 6.50000224
OS 13.09482014 6.50000224
OS 13.3745859 6.57496526
OS 13.62541598 6.71978336
OS 13.83021872 6.9245861
OS 13.97503682 7.17541618
OS 14.04999984 7.45518194
OS 14.04999984 7.74481814
OS 13.97503682 8.0245839
OS 13.83021872 8.27541398
OS 13.62541598 8.48021672
OS 13.3745859 8.62503482
OS 13.09482014 8.69999784
OS 12.96085038 8.69999784
OS 12.94173434 8.70387134
OS 12.80196576 8.70437426
OS 12.67886974 8.70858304
OS 12.46132128 8.72838742
OS 12.38578168 8.74098836
OS 11.90783496 9.21893508
OS 11.90783496 10.81594738
OS 11.9495951 10.84396104
OS 12.10783456 10.88653652
OS 12.2745881 10.71978298
OS 12.52541818 10.57496488
OS 12.80518394 10.50000186
OS 13.09482014 10.50000186
OS 13.3745859 10.57496488
OS 13.62541598 10.71978298
OS 13.83021872 10.92458572
OS 13.97503682 11.1754158
OS 13.99216404 11.2393349
OS 14.19216364 11.21300272
OS 14.19216364 10.29284708
OS 14.05071612 10.29284708
OS 13.89464328 10.2618032
OS 13.76233214 10.17339596
OS 13.7084181 10.09270778
OS 13.58427814 9.99745016
OS 13.47944726 9.86083372
OS 13.4135495 9.70174082
OS 13.39107304 9.53101218
OS 13.4135495 9.36028354
OS 13.47944726 9.20119064
OS 13.58427814 9.0645742
OS 13.7084181 8.96931658
OS 13.76233214 8.8886284
OS 13.89464328 8.80022116
OS 14.05071612 8.76917728
OS 14.62267332 8.76917728
OS 14.71136758 8.78682012
OS 14.7616164 8.7116158
OS 14.86161112 8.61162362
OS 14.8616162 8.611616
OS 15.3090118 8.1642204
OS 15.32126476 8.0907636
OS 15.34564114 7.74437364
OS 15.34612628 7.60901196
OS 15.34612374 7.60899926
OS 15.34612628 7.60898656
OS 15.34612882 7.60826774
OS 15.35000232 7.5891517
OS 15.35000232 7.45518194
OS 15.42496534 7.17541618
OS 15.56978344 6.9245861
OS 15.77458618 6.71978336
OS 16.02541626 6.57496526
OS 16.30518202 6.50000224
OS 16.59481822 6.50000224
OS 16.87458398 6.57496526
OS 17.12541406 6.71978336
OS 17.3302168 6.9245861
OS 17.4750349 7.17541618
OS 17.54999792 7.45518194
OS 17.54999792 7.74481814
OS 17.4750349 8.0245839
OS 17.3302168 8.27541398
OS 17.12541406 8.48021672
OS 16.87458398 8.62503482
OS 16.59481822 8.69999784
OS 16.46084846 8.69999784
OS 16.44173242 8.70387134
OS 16.30196384 8.70437426
OS 16.17886782 8.70858304
OS 15.96131936 8.72838742
OS 15.88577976 8.74098836
OS 15.43838416 9.18838396
OS 15.43837654 9.18838904
OS 15.33838436 9.28838376
OS 15.20607068 9.376791
OS 15.05000038 9.40783742
OS 14.99565454 9.39702718
OS 14.94184972 9.41931314
OS 14.9110573 9.46539636
OS 14.77874616 9.5538036
OS 14.76057754 9.55741802
OS 14.71071734 9.771253
OS 14.71243692 9.7725738
OS 14.80769454 9.89671376
OS 14.88838272 9.9506278
OS 14.97678996 10.08293894
OS 15.00783384 10.23901178
OS 15.00783384 12.86369538
OS 15.19569224 12.97588718
OS 15.20783344 12.97524964
OS 15.35399774 12.9461768
OS 15.68630086 12.9461768
OS 15.68630086 12.5171708
OS 15.68629832 12.5171581
OS 15.70707552 12.41270568
OS 15.56978344 12.2754136
OS 15.42496534 12.02458352
OS 15.35000232 11.74481776
OS 15.35000232 11.45518156
OS 15.42496534 11.1754158
OS 15.56978344 10.92458572
OS 15.77458618 10.71978298
OS 16.02541626 10.57496488
OS 16.30518202 10.50000186
OS 16.59481822 10.50000186
OS 16.87458398 10.57496488
OS 17.12541406 10.71978298
OS 17.26730862 10.86167754
OS 17.46730822 10.7788329
OS 17.46730822 9.67490064
OS 17.46730568 9.67488794
OS 17.46730822 9.67486254
OS 17.4775368 9.62343262
OS 17.49834194 9.5188151
OS 17.49834956 9.51880494
OS 17.4983521 9.5187897
OS 17.5530129 9.43698646
OS 17.58674156 9.38649888
OS 17.58675934 9.38647856
OS 17.58676696 9.38647348
OS 17.6453165 9.32791632
OS 17.64532412 9.32791124
OS 17.64533428 9.327896
OS 18.80901242 8.16421786
OS 18.82126538 8.0907636
OS 18.84564176 7.74437364
OS 18.8461269 7.60901196
OS 18.84612436 7.60899926
OS 18.8461269 7.60898656
OS 18.84612944 7.60826774
OS 18.85000294 7.5891517
OS 18.85000294 7.45518194
OS 18.92496596 7.17541618
OS 19.06978406 6.9245861
OS 19.2745868 6.71978336
OS 19.52541688 6.57496526
OS 19.80518264 6.50000224
OS 20.09481884 6.50000224
OS 20.3745846 6.57496526
OS 20.62541468 6.71978336
OS 20.83021742 6.9245861
OS 20.97503552 7.17541618
OS 21.04999854 7.45518194
OS 21.04999854 7.74481814
OS 20.97503552 8.0245839
OS 20.83021742 8.27541398
OS 20.8212309 8.2844005
OS 20.89776618 8.46917788
OS 21.92267396 8.46917788
OS 22.01136822 8.48682072
OS 22.06161704 8.4116164
OS 22.16161176 8.31162422
OS 22.16161684 8.3116166
OS 22.33045572 8.14277772
OS 22.3394397 8.08639988
OS 22.34790298 7.99861748
OS 22.35241148 7.78133318
OS 22.35116434 7.74914884
OS 22.35000356 7.74481814
OS 22.35000356 7.71919716
OS 22.34763628 7.65807968
OS 22.34826366 7.6541249
OS 22.34748134 7.6501879
OS 22.35000356 7.63751076
OS 22.35000356 7.45518194
OS 22.42496658 7.17541618
OS 22.56978468 6.9245861
OS 22.77458742 6.71978336
OS 23.0254175 6.57496526
OS 23.30518326 6.50000224
OS 23.59481946 6.50000224
OS 23.87458522 6.57496526
OS 24.1254153 6.71978336
OS 24.33021804 6.9245861
OS 24.47503614 7.17541618
OS 24.54999916 7.45518194
OS 24.54999916 7.74481814
OS 24.47503614 8.0245839
OS 24.33021804 8.27541398
OS 24.1254153 8.48021672
OS 23.87458522 8.62503482
OS 23.59481946 8.69999784
OS 23.41248048 8.69999784
OS 23.3998135 8.70251752
OS 23.39588158 8.7017352
OS 23.39192172 8.70236512
OS 23.33080424 8.69999784
OS 23.30518326 8.69999784
OS 23.30085256 8.69883706
OS 23.26867076 8.69758992
OS 23.05138392 8.70209842
OS 22.96360914 8.71055916
OS 22.90722368 8.71954568
OS 22.7383848 8.88838456
OS 22.73837718 8.88838964
OS 22.638385 8.98838436
OS 22.50607132 9.0767916
OS 22.35000102 9.10783802
OS 22.32379584 9.10262594
OS 22.18938158 9.22456372
OS 22.20330078 9.42410866
OS 22.26646296 9.4725744
OS 22.37129384 9.60919084
OS 22.4371916 9.76828374
OS 22.45966806 9.93901238
OS 22.4371916 10.10974102
OS 22.37129384 10.26883392
OS 22.26646296 10.40545036
OS 22.142323 10.50070798
OS 22.08840896 10.58139616
OS 21.95609782 10.6698034
OS 21.95591494 10.66983896
OS 21.90605474 10.88367648
OS 21.91243776 10.8885736
OS 22.00769538 11.01271356
OS 22.08838356 11.0666276
OS 22.16173876 11.17641148
OS 22.25223642 11.18415848
OS 22.37306168 11.16048822
OS 22.37464664 11.15457256
OS 22.5265742 10.89142856
OS 22.74143026 10.6765725
OS 23.00457426 10.52464494
OS 23.2980738 10.44600146
OS 23.3230039 10.44600146
OS 23.3230039 11.59999712
OS 23.5770039 11.59999712
OS 23.5770039 10.44600146
OS 23.60192892 10.44600146
OS 23.89542846 10.52464494
OS 24.15857246 10.6765725
OS 24.19274054 10.71074058
OS 24.41127706 10.68788312
OS 24.42245814 10.66874676
OS 24.40724862 10.4618028
OS 24.27494002 10.37339556
OS 24.22102598 10.29270738
OS 24.09688602 10.19744976
OS 23.99205514 10.06083332
OS 23.92615738 9.90174042
OS 23.90368092 9.73101178
OS 23.92615738 9.56028314
OS 23.99205514 9.40119024
OS 24.09688602 9.2645738
OS 24.22102598 9.16931618
OS 24.27494002 9.088628
OS 24.40725116 9.00022076
OS 24.563324 8.96917688
OS 24.92267558 8.96917688
OS 25.01136984 8.98681972
OS 25.06161866 8.9116154
OS 25.16161338 8.81162322
OS 25.16161846 8.8116156
OS 25.80901366 8.1642204
OS 25.82126662 8.0907636
OS 25.845643 7.74437364
OS 25.84612814 7.60901196
OS 25.8461256 7.60899926
OS 25.84612814 7.60898656
OS 25.84613068 7.60826774
OS 25.85000418 7.5891517
OS 25.85000418 7.45518194
OS 25.9249672 7.17541618
OS 26.0697853 6.9245861
OS 26.27458804 6.71978336
OS 26.52541812 6.57496526
OS 26.80518388 6.50000224
OS 27.09482008 6.50000224
OS 27.37458584 6.57496526
OS 27.62541592 6.71978336
OS 27.83021866 6.9245861
OS 27.97503676 7.17541618
OS 28.04999978 7.45518194
OS 28.04999978 7.74481814
OS 27.97503676 8.0245839
OS 27.8470995 8.24617858
OS 27.91120402 8.44617818
OS 29.48879802 8.44617818
OS 29.55290254 8.24617858
OS 29.42496528 8.0245839
OS 29.35000226 7.74481814
OS 29.35000226 7.45518194
OS 29.42496528 7.17541618
OS 29.56978338 6.9245861
OS 29.77458612 6.71978336
OS 30.0254162 6.57496526
OS 30.30518196 6.50000224
OS 30.59481816 6.50000224
OS 30.87458392 6.57496526
OS 31.125414 6.71978336
OS 31.33021674 6.9245861
OS 31.47503484 7.17541618
OS 31.54999786 7.45518194
OS 31.54999786 7.74481814
OS 31.47503484 8.0245839
OS 31.33021674 8.27541398
OS 31.125414 8.48021672
OS 30.87458392 8.62503482
OS 30.83062414 8.6368128
OS 30.82679128 8.65608632
OS 30.73838404 8.78839746
OS 30.65769586 8.8423115
OS 30.56243824 8.96645146
OS 30.45094748 9.05200374
OS 30.43849386 9.07043398
OS 30.42264172 9.27363144
OS 30.47655576 9.35431708
OS 30.60069572 9.4495747
OS 30.7055266 9.58619114
OS 30.77142436 9.74528404
OS 30.79390082 9.91601268
OS 30.77142436 10.08674132
OS 30.7055266 10.24583422
OS 30.65666208 10.3095171
OS 30.70747478 10.51264852
OS 30.7259101 10.53512752
OS 30.87458392 10.57496488
OS 31.125414 10.71978298
OS 31.33021674 10.92458572
OS 31.47503484 11.1754158
OS 31.54999786 11.45518156
OS 31.54999786 11.74481776
OS 31.47503484 12.02458352
OS 31.33021674 12.2754136
OS 31.125414 12.48021634
OS 30.97329848 12.56804192
OS 30.96162718 12.57806222
OS 30.9098823 12.60721888
OS 30.87191692 12.63302274
OS 30.85783516 12.6446661
OS 30.85783516 12.9527427
OS 30.82679128 13.10881554
OS 30.73838404 13.24112668
OS 30.65769586 13.29504072
OS 30.57185656 13.4069074
OS 30.58144252 13.46170282
OS 30.64632682 13.606907
OS 30.73458166 13.606907
OS 30.8906545 13.63795088
OS 30.98887122 13.70357686
OS 31.12599566 13.6711563
OS 31.20009254 13.6314561
OS 31.20880728 13.5652637
OS 31.27470504 13.4061708
OS 31.37953592 13.26955436
OS 31.50367588 13.17429674
OS 31.55758992 13.09360856
OS 31.68990106 13.00520132
OS 31.792164 12.984861
OS 31.792164 11.79999926
OS 31.792164 9.60001128
OS 31.79216146 9.59999858
OS 31.82320788 9.44392574
OS 31.91161512 9.3116146
OS 32.91642388 8.30680584
OS 32.91948204 8.24354206
OS 32.91720874 8.15867558
OS 32.89203226 7.94488378
OS 32.86900716 7.82363434
OS 32.8690732 7.81598894
OS 32.85000288 7.74481814
OS 32.85000288 7.45518194
OS 32.9249659 7.17541618
OS 33.069784 6.9245861
OS 33.27458674 6.71978336
OS 33.52541682 6.57496526
OS 33.80518258 6.50000224
OS 34.09481878 6.50000224
OS 34.37458454 6.57496526
OS 34.62541462 6.71978336
OS 34.83021736 6.9245861
OS 34.97503546 7.17541618
OS 35.04999848 7.45518194
OS 35.04999848 7.74481814
OS 34.97503546 8.0245839
OS 34.83021736 8.27541398
OS 34.62541462 8.48021672
OS 34.37458454 8.62503482
OS 34.16636296 8.68082846
OS 34.15899442 8.68393488
OS 34.14084612 8.6876636
OS 34.09481878 8.69999784
OS 34.08083862 8.69999784
OS 33.8635467 8.74465612
OS 33.62773818 8.80288054
OS 33.54952142 8.82724168
OS 32.6078342 9.76893144
OS 32.6078342 11.79999926
OS 32.6078342 12.36796358
OS 32.79570276 12.48015284
OS 32.8078338 12.47951276
OS 32.95400318 12.45043992
OS 32.99435362 12.45043992
OS 33.05536442 12.25044032
OS 32.9249659 12.02458352
OS 32.85000288 11.74481776
OS 32.85000288 11.45518156
OS 32.9249659 11.1754158
OS 33.069784 10.92458572
OS 33.27458674 10.71978298
OS 33.52541682 10.57496488
OS 33.80518258 10.50000186
OS 34.09481878 10.50000186
OS 34.37458454 10.57496488
OS 34.62541462 10.71978298
OS 34.83021736 10.92458572
OS 34.97503546 11.1754158
OS 35.04999848 11.45518156
OS 35.04999848 11.74481776
OS 34.97503546 12.02458352
OS 34.83021736 12.2754136
OS 34.62541462 12.48021634
OS 34.37458454 12.62503444
OS 34.16239802 12.6818898
OS 34.08838496 12.7926592
OS 34.00769678 12.84657324
OS 33.92185748 12.95843992
OS 33.93144344 13.01323534
OS 33.99632774 13.15843952
OS 34.36306818 13.15843952
OS 34.48451828 13.18259746
OS 34.53650446 13.16689772
OS 34.59280102 13.13303698
OS 34.68682928 13.06098988
OS 34.70100756 12.95328372
OS 34.76690532 12.79419082
OS 34.8717362 12.65757438
OS 34.99587616 12.56231676
OS 35.0497902 12.48162858
OS 35.18210134 12.39322134
OS 35.29216462 12.37132908
OS 35.29216462 10.90000106
OS 35.29216462 10.45001212
OS 35.29216208 10.44999942
OS 35.3232085 10.29392658
OS 35.41161574 10.16161544
OS 35.8548686 9.71836512
OS 35.85487368 9.7183575
OS 36.86030728 8.71292644
OS 36.83420116 8.51463626
OS 36.77458736 8.48021672
OS 36.56978462 8.27541398
OS 36.42496652 8.0245839
OS 36.3500035 7.74481814
OS 36.3500035 7.45518194
OS 36.42496652 7.17541618
OS 36.56978462 6.9245861
OS 36.77458736 6.71978336
OS 37.02541744 6.57496526
OS 37.3051832 6.50000224
OS 37.5948194 6.50000224
OS 37.87458516 6.57496526
OS 38.12541524 6.71978336
OS 38.33021798 6.9245861
OS 38.47503608 7.17541618
OS 38.5499991 7.45518194
OS 38.5499991 7.74481814
OS 38.47503608 8.0245839
OS 38.33021798 8.27541398
OS 38.12541524 8.48021672
OS 37.87458516 8.62503482
OS 37.8578364 8.629523
OS 37.8578364 8.69998514
OS 37.85783894 8.69999784
OS 37.82679252 8.85607068
OS 37.73838528 8.98838182
OS 37.73837766 8.9883869
OS 36.43164164 10.29512546
OS 36.43163402 10.29513054
OS 36.10783482 10.61893228
OS 36.10783482 10.90000106
OS 36.10783482 12.41601276
OS 36.07679094 12.5720856
OS 35.9883837 12.70439674
OS 35.90769552 12.75831078
OS 35.82185622 12.87017746
OS 35.83144218 12.92497288
OS 35.89632648 13.07017706
OS 36.69599976 13.07017706
OS 36.8421666 13.0992499
OS 36.85430272 13.09988744
OS 37.02104356 13.00031182
OS 37.03904962 12.80140188
OS 36.9988846 12.74515104
OS 36.77121424 12.48301796
OS 36.67529114 12.38640144
OS 36.66450884 12.37013782
OS 36.56978462 12.2754136
OS 36.42496652 12.02458352
OS 36.3500035 11.74481776
OS 36.3500035 11.45518156
OS 36.42496652 11.1754158
OS 36.56978462 10.92458572
OS 36.77458736 10.71978298
OS 37.02541744 10.57496488
OS 37.3051832 10.50000186
OS 37.5948194 10.50000186
OS 37.87458516 10.57496488
OS 38.12541524 10.71978298
OS 38.18205724 10.77642498
OS 38.41390082 10.72542432
OS 38.43273238 10.67995832
OS 38.53756326 10.54334188
OS 38.59876964 10.49637474
OS 38.60381154 10.27680444
OS 38.57144432 10.2505764
OS 38.54987464 10.23616444
OS 38.4959606 10.15547626
OS 38.37182064 10.06021864
OS 38.26698976 9.9236022
OS 38.201092 9.7645093
OS 38.17861554 9.59378066
OS 38.201092 9.42305202
OS 38.26698976 9.26395912
OS 38.37182064 9.12734268
OS 38.4959606 9.03208506
OS 38.54987464 8.95139688
OS 38.68218578 8.86298964
OS 38.83825862 8.83194576
OS 39.05990664 8.83194576
OS 39.1486009 8.8495886
OS 39.19884972 8.77438428
OS 39.29884444 8.6743921
OS 39.29884952 8.67438448
OS 39.8090136 8.1642204
OS 39.82126656 8.0907636
OS 39.84564294 7.74437364
OS 39.84612808 7.60901196
OS 39.84612554 7.60899926
OS 39.84612808 7.60898656
OS 39.84613062 7.60826774
OS 39.85000412 7.5891517
OS 39.85000412 7.45518194
OS 39.92496714 7.17541618
OS 40.06978524 6.9245861
OS 40.27458798 6.71978336
OS 40.52541806 6.57496526
OS 40.80518382 6.50000224
OS 41.09482002 6.50000224
OS 41.37458578 6.57496526
OS 41.62541586 6.71978336
OS 41.8302186 6.9245861
OS 41.9750367 7.17541618
OS 42.04999972 7.45518194
OS 42.04999972 7.74481814
OS 41.9750367 8.0245839
OS 41.8302186 8.27541398
OS 41.62541586 8.48021672
OS 41.37458578 8.62503482
OS 41.09482002 8.69999784
OS 40.96085026 8.69999784
OS 40.94173422 8.70387134
OS 40.80196564 8.70437426
OS 40.67886962 8.70858304
OS 40.46132116 8.72838742
OS 40.38578156 8.74098836
OS 39.87561748 9.25115244
OS 39.87560986 9.25115752
OS 39.78682416 9.33994576
OS 39.79115486 9.394571
OS 39.83380146 9.51376304
OS 39.85078898 9.54146174
OS 39.99923928 9.57098924
OS 40.13155042 9.65939648
OS 40.18546446 9.74008466
OS 40.30960442 9.83534228
OS 40.4144353 9.97195872
OS 40.48033306 10.13105162
OS 40.50280952 10.30178026
OS 40.4929594 10.37660612
OS 40.64458724 10.53031168
OS 40.66511044 10.53753544
OS 40.80518382 10.50000186
OS 41.09482002 10.50000186
OS 41.37458578 10.57496488
OS 41.62541586 10.71978298
OS 41.8302186 10.92458572
OS 41.9750367 11.1754158
OS 42.04999972 11.45518156
OS 42.04999972 11.74481776
OS 41.9750367 12.02458352
OS 41.8302186 12.2754136
OS 41.68045512 12.42517708
OS 41.67752904 12.42955604
OS 41.67398066 12.4319284
OS 41.6714686 12.4353701
OS 41.6562286 12.4494036
OS 41.62541586 12.48021634
OS 41.61831402 12.4843159
OS 41.50274148 12.59073936
OS 41.43916274 12.65815604
OS 41.38445622 12.72319528
OS 41.35783702 12.75951728
OS 41.35783702 13.7541762
OS 42.07330168 13.7541762
OS 42.22937452 13.78522008
OS 42.36168566 13.87362732
OS 42.4155997 13.9543155
OS 42.53973966 14.04957312
OS 42.59053458 14.11576806
OS 42.65161142 14.1853158
OS 42.68021436 14.18176996
OS 42.84645228 14.1509496
OS 42.89292158 14.0814044
OS 42.89292158 13.9501753
OS 42.89291142 13.95017022
OS 42.83899738 13.86948204
OS 42.71485742 13.77422442
OS 42.6195998 13.65008446
OS 42.53891162 13.59617042
OS 42.45050438 13.46385928
OS 42.4194605 13.30778644
OS 42.4194605 9.22271714
OS 42.41945796 9.22270444
OS 42.45050438 9.0666316
OS 42.53891162 8.93432046
OS 43.2616102 8.21162442
OS 43.26161528 8.2116168
OS 43.41584408 8.057388
OS 43.41247858 8.01569644
OS 43.40362414 7.96347658
OS 43.38751038 7.89920188
OS 43.38663916 7.88154888
OS 43.3500022 7.74481814
OS 43.3500022 7.45518194
OS 43.42496522 7.17541618
OS 43.56978332 6.9245861
OS 43.77458606 6.71978336
OS 44.02541614 6.57496526
OS 44.3051819 6.50000224
OS 44.5948181 6.50000224
OS 44.87458386 6.57496526
OS 45.12541394 6.71978336
OS 45.33021668 6.9245861
OS 45.47503478 7.17541618
OS 45.5499978 7.45518194
OS 45.5499978 7.74481814
OS 45.47503478 8.0245839
OS 45.33021668 8.27541398
OS 45.12541394 8.48021672
OS 44.87458386 8.62503482
OS 44.5948181 8.69999784
OS 44.3051819 8.69999784
OS 44.16845116 8.66336088
OS 44.1508007 8.66248966
OS 44.08652346 8.6463759
OS 44.0342782 8.63751638
OS 43.99261204 8.63415342
OS 43.83838324 8.78838476
OS 43.83837562 8.78838984
OS 43.2351307 9.3916373
OS 43.2351307 11.05289382
OS 43.26057642 11.0680627
OS 43.52680906 10.99901788
OS 43.56978332 10.92458572
OS 43.77458606 10.71978298
OS 44.02541614 10.57496488
OS 44.3051819 10.50000186
OS 44.5948181 10.50000186
OS 44.87458386 10.57496488
OS 45.12541394 10.71978298
OS 45.33021668 10.92458572
OS 45.47503478 11.1754158
OS 45.5499978 11.45518156
OS 45.5499978 11.52911842
OS 45.7349352 11.5707668
OS 45.7499974 11.567668
OS 45.83354054 11.4426365
OS 45.9886177 11.28756188
OS 45.98862278 11.28755426
OS 47.54216552 9.73401406
OS 47.54216552 8.80576598
OS 47.49888392 8.74515142
OS 47.27121356 8.48301834
OS 47.17529046 8.38640182
OS 47.16450816 8.3701382
OS 47.06978394 8.27541398
OS 46.92496584 8.0245839
OS 46.85000282 7.74481814
OS 46.85000282 7.45518194
OS 46.92496584 7.17541618
OS 47.06978394 6.9245861
OS 47.27458668 6.71978336
OS 47.52541676 6.57496526
OS 47.80518252 6.50000224
OS 48.09481872 6.50000224
OS 48.37458448 6.57496526
OS 48.62541456 6.71978336
OS 48.8302173 6.9245861
OS 48.9750354 7.17541618
OS 49.04999842 7.45518194
OS 49.04999842 7.74481814
OS 48.9750354 8.0245839
OS 48.8302173 8.27541398
OS 48.735488 8.37014328
OS 48.72471078 8.38639928
OS 48.62619434 8.485632
OS 48.54215844 8.57561912
OS 48.40233144 8.74345216
OS 48.35783572 8.80576598
OS 48.35783572 9.90294438
OS 48.32679184 10.05901722
OS 48.2383846 10.19132836
OS 48.23837698 10.19133344
OS 48.11930178 10.31040864
OS 48.1876735 10.52488116
OS 48.37458448 10.57496488
OS 48.62541456 10.71978298
OS 48.8302173 10.92458572
OS 48.9750354 11.1754158
OS 49.04999842 11.45518156
OS 49.04999842 11.74481776
OS 48.9750354 12.02458352
OS 48.8302173 12.2754136
OS 48.735488 12.3701429
OS 48.72471078 12.3863989
OS 48.62619434 12.48563162
OS 48.54215844 12.57561874
OS 48.40233144 12.74345178
OS 48.35783572 12.8057656
OS 48.35783572 13.45998832
OS 48.32679184 13.61606116
OS 48.2383846 13.7483723
OS 48.15769642 13.80228634
OS 48.07185712 13.91415302
OS 48.08144308 13.96894844
OS 48.14632738 14.11415262
OS 48.34485378 14.11415262
OS 48.50092662 14.1451965
OS 48.63323776 14.23360374
OS 48.6871518 14.31429192
OS 48.81129176 14.40954954
OS 48.91612264 14.54616598
OS 48.9820204 14.70525888
OS 49.00449686 14.87598752
OS 48.9820204 15.04671616
OS 48.91612264 15.20580906
OS 48.81129176 15.3424255
OS 48.70580048 15.42337276
OS 48.6860596 15.5215082
OS 48.68438574 15.64960548
OS 48.73829978 15.73029112
OS 48.86243974 15.82554874
OS 48.96727062 15.96216518
OS 49.03316838 16.12125808
OS 49.05564484 16.29198672
OS 49.03316838 16.46271536
OS 48.96727062 16.62180826
OS 48.86243974 16.7584247
OS 48.73829978 16.85368232
OS 48.68438574 16.9343705
OS 48.5520746 17.02277774
OS 48.39600176 17.05382162
OS 48.35783572 17.05382162
OS 48.35783572 18.60044032
OS 48.35783826 18.60045302
OS 48.32679184 18.75652586
OS 48.2383846 18.888837
OS 42.81983308 24.30738852
OS 42.89636836 24.4921659
OS 43.30923012 24.4921659
OS 49.49216416 18.3092344
OS 49.49216416 9.15001218
OS 49.49216162 9.14999948
OS 49.52320804 8.99392664
OS 49.61161528 8.8616155
OS 50.30901038 8.1642204
OS 50.32126334 8.0907636
OS 50.34563972 7.74437364
OS 50.34612486 7.60901196
OS 50.34612232 7.60899926
OS 50.34612486 7.60898656
OS 50.3461274 7.60826774
OS 50.3500009 7.5891517
OS 50.3500009 7.45518194
OS 50.42496392 7.17541618
OS 50.56978202 6.9245861
OS 50.77458476 6.71978336
OS 51.02541484 6.57496526
OS 51.3051806 6.50000224
OS 51.5948168 6.50000224
OS 51.87458256 6.57496526
OS 52.12541264 6.71978336
OS 52.33021538 6.9245861
OS 52.47503348 7.17541618
OS 52.5499965 7.45518194
OS 52.5499965 7.74481814
OS 52.47503348 8.0245839
OS 52.33021538 8.27541398
OS 52.12541264 8.48021672
OS 51.87458256 8.62503482
OS 51.5948168 8.69999784
OS 51.46084704 8.69999784
OS 51.441731 8.70387134
OS 51.30196242 8.70437426
OS 51.1788664 8.70858304
OS 50.96131794 8.72838742
OS 50.88577834 8.74098836
OS 50.30783436 9.31893234
OS 50.30783436 10.97829148
OS 50.50783396 11.0318804
OS 50.56978202 10.92458572
OS 50.77458476 10.71978298
OS 51.02541484 10.57496488
OS 51.3051806 10.50000186
OS 51.5948168 10.50000186
OS 51.87458256 10.57496488
OS 52.12541264 10.71978298
OS 52.33021538 10.92458572
OS 52.47503348 11.1754158
OS 52.5499965 11.45518156
OS 52.5499965 11.74481776
OS 52.47503348 12.02458352
OS 52.33021538 12.2754136
OS 52.23548608 12.3701429
OS 52.22470886 12.3863989
OS 52.12619242 12.48563162
OS 52.04215652 12.57561874
OS 51.90232952 12.74345178
OS 51.8578338 12.8057656
OS 51.8578338 18.64999064
OS 51.85783634 18.65000334
OS 51.82678992 18.80607618
OS 51.73838268 18.93838732
OS 51.33838602 19.33838398
OS 51.3383784 19.33838906
OS 51.26767496 19.40909504
OS 51.26765972 19.4091052
OS 50.8051054 19.87166206
OS 50.93986256 20.00641922
OS 51.0282698 20.1387329
OS 51.05931622 20.2948032
OS 51.04038306 20.38997954
OS 51.0608072 20.54511766
OS 51.04038306 20.70025832
OS 51.05931368 20.79543212
OS 51.0282698 20.95150496
OS 50.93986002 21.0838161
OS 50.93986002 21.08381864
OS 50.80754634 21.17222588
OS 50.65147604 21.2032723
OS 50.55629208 21.18433914
OS 50.40116412 21.20476074
OS 50.24603362 21.1843366
OS 50.15084712 21.2032723
OS 49.99477428 21.17222588
OS 49.94411652 21.13837784
OS 49.75616414 21.24300298
OS 49.73574 21.3981411
OS 49.75467062 21.4933149
OS 49.72362674 21.64938774
OS 49.63521696 21.78169888
OS 49.63521696 21.78170142
OS 49.50290328 21.87010866
OS 49.34683298 21.90115508
OS 49.25164902 21.88222192
OS 49.09652106 21.90264352
OS 49.0264069 21.89341316
OS 49.02349098 21.89467554
OS 48.8709462 22.0534357
OS 48.87585348 22.08365408
OS 48.88398148 22.12452014
OS 48.86504832 22.21969648
OS 48.88547246 22.3748346
OS 48.86504832 22.52997526
OS 48.88397894 22.62514906
OS 48.85293506 22.7812219
OS 48.76452528 22.91353304
OS 48.76452528 22.91353558
OS 48.6322116 23.00194282
OS 48.4761413 23.03298924
OS 48.38095734 23.01405608
OS 48.22582938 23.03447768
OS 48.07069126 23.01405354
OS 47.97551238 23.0329867
OS 47.81944208 23.00194028
OS 47.73274934 22.94401558
OS 47.1563827 23.52038476
OS 47.15637508 23.52038984
OS 47.08567164 23.59109582
OS 45.08838582 25.58838418
OS 44.95607468 25.67679142
OS 44.80000184 25.70783784
OS 44.79998914 25.7078353
OS 37.4578245 25.7078353
OS 37.4578245 26.0999986
OS 37.42678062 26.25607144
OS 37.3999887 26.29616788
OS 37.3999887 26.6999974
OS 29.45398732 26.6999974
OS 29.45398732 26.7539978
OE
OB 4.2413047 28.44999898 H
OS 3.75869454 28.44999898
OS 3.28536046 28.35584626
OS 2.83948886 28.17116032
OS 2.43821458 27.90303792
OS 2.0969605 27.56178384
OS 1.8288381 27.16050956
OS 1.64415216 26.71463796
OS 1.54999944 26.24130388
OS 1.54999944 25.75869372
OS 1.64415216 25.28535964
OS 1.8288381 24.83948804
OS 2.0969605 24.43821376
OS 2.43821458 24.09695968
OS 2.83948886 23.82883728
OS 3.28536046 23.64415134
OS 3.75869454 23.54999862
OS 4.2413047 23.54999862
OS 4.71463878 23.64415134
OS 5.16051038 23.82883728
OS 5.56178466 24.09695968
OS 5.90303874 24.43821376
OS 6.17116114 24.83948804
OS 6.35584708 25.28535964
OS 6.4499998 25.75869372
OS 6.4499998 26.24130388
OS 6.35584708 26.71463796
OS 6.17116114 27.16050956
OS 5.90303874 27.56178384
OS 5.56178466 27.90303792
OS 5.16051038 28.17116032
OS 4.71463878 28.35584626
OS 4.2413047 28.44999898
OE
OB 58.04130378 28.04999724 H
OS 57.55869362 28.04999724
OS 57.08535954 27.95584452
OS 56.63948794 27.77115858
OS 56.23821366 27.50303618
OS 55.89695958 27.1617821
OS 55.62883718 26.76050782
OS 55.44415124 26.31463622
OS 55.34999852 25.84130214
OS 55.34999852 25.35869198
OS 55.44415124 24.8853579
OS 55.62883718 24.4394863
OS 55.89695958 24.03821202
OS 56.23821366 23.69695794
OS 56.63948794 23.42883554
OS 57.08535954 23.2441496
OS 57.55869362 23.14999688
OS 58.04130378 23.14999688
OS 58.51463786 23.2441496
OS 58.96050946 23.42883554
OS 59.36178374 23.69695794
OS 59.70303782 24.03821202
OS 59.97116022 24.4394863
OS 60.15584616 24.8853579
OS 60.24999888 25.35869198
OS 60.24999888 25.84130214
OS 60.15584616 26.31463622
OS 59.97116022 26.76050782
OS 59.70303782 27.1617821
OS 59.36178374 27.50303618
OS 58.96050946 27.77115858
OS 58.51463786 27.95584452
OS 58.04130378 28.04999724
OE
OB 58.24130592 6.4499998 H
OS 57.75869576 6.4499998
OS 57.28536168 6.35584708
OS 56.83949008 6.17116114
OS 56.4382158 5.90303874
OS 56.09696172 5.56178466
OS 55.82883932 5.16051038
OS 55.64415338 4.71463878
OS 55.55000066 4.2413047
OS 55.55000066 3.75869454
OS 55.64415338 3.28536046
OS 55.82883932 2.83948886
OS 56.09696172 2.43821458
OS 56.4382158 2.0969605
OS 56.83949008 1.8288381
OS 57.28536168 1.64415216
OS 57.75869576 1.54999944
OS 58.24130592 1.54999944
OS 58.71464 1.64415216
OS 59.1605116 1.8288381
OS 59.56178588 2.0969605
OS 59.90303996 2.43821458
OS 60.17116236 2.83948886
OS 60.3558483 3.28536046
OS 60.45000102 3.75869454
OS 60.45000102 4.2413047
OS 60.3558483 4.71463878
OS 60.17116236 5.16051038
OS 59.90303996 5.56178466
OS 59.56178588 5.90303874
OS 59.1605116 6.17116114
OS 58.71464 6.35584708
OS 58.24130592 6.4499998
OE
OB 4.2413047 6.4499998 H
OS 3.75869454 6.4499998
OS 3.28536046 6.35584708
OS 2.83948886 6.17116114
OS 2.43821458 5.90303874
OS 2.0969605 5.56178466
OS 1.8288381 5.16051038
OS 1.64415216 4.71463878
OS 1.54999944 4.2413047
OS 1.54999944 3.75869454
OS 1.64415216 3.28536046
OS 1.8288381 2.83948886
OS 2.0969605 2.43821458
OS 2.43821458 2.0969605
OS 2.83948886 1.8288381
OS 3.28536046 1.64415216
OS 3.75869454 1.54999944
OS 4.2413047 1.54999944
OS 4.71463878 1.64415216
OS 5.16051038 1.8288381
OS 5.56178466 2.0969605
OS 5.90303874 2.43821458
OS 6.17116114 2.83948886
OS 6.35584708 3.28536046
OS 6.4499998 3.75869454
OS 6.4499998 4.2413047
OS 6.35584708 4.71463878
OS 6.17116114 5.16051038
OS 5.90303874 5.56178466
OS 5.56178466 5.90303874
OS 5.16051038 6.17116114
OS 4.71463878 6.35584708
OS 4.2413047 6.4499998
OE
SE
P 2.99999654 10.5000044 5 P 0 0 ;0=4,1=1
P 2.99999654 16.20000316 5 P 0 0 ;0=4,1=1
P 2.99999654 21.90000192 5 P 0 0 ;0=4,1=1
P 6.4999997 28.29999928 5 P 0 0 ;0=4,1=1
P 6.79999656 21.30000058 5 P 0 0 ;0=4,1=1
P 6.89999636 12.9999994 5 P 0 0 ;0=4,1=1
P 7.89999944 2.69999968 5 P 0 0 ;0=4,1=1
P 9.60000112 9.29999918 5 P 0 0 ;0=4,1=1
P 9.60000112 16.40000022 5 P 0 0 ;0=4,1=1
P 9.70000092 23.90000046 5 P 0 0 ;0=4,1=1
P 14.59999874 27.80000028 5 P 0 0 ;0=4,1=1
P 15.49999948 5.59999896 5 P 0 0 ;0=4,1=1
P 23.80000066 2.69999968 5 P 0 0 ;0=4,1=1
P 33.09999984 4.19999922 5 P 0 0 ;0=4,1=1
P 44.09999816 3.09999888 5 P 0 0 ;0=4,1=1
P 49.10000086 26.79999974 5 P 0 0 ;0=4,1=1
P 54.40000042 21.20000078 5 P 0 0 ;0=4,1=1
P 54.59999748 3.40000082 5 P 0 0 ;0=4,1=1
P 55.50000076 15.10000028 5 P 0 0 ;0=4,1=1
P 59.20000098 8.80000018 5 P 0 0 ;0=4,1=1
P 59.30000078 19.80000104 5 P 0 0 ;0=4,1=1
